8,  8,  8,  8,  8,  8,  8,  8,  8,  8,  8,  8,  8,  8,  8,  8,  8,  8,
         8,  8,  8,  8,  8,  8,  8,  8,  8,  8,  8,  8,  8,  8,  8,  8,  8,  8,
         8,  8,  8,  8,  8,  8,  8,  8,  8,  8,  8,  8,  8,  8,  8,  8,  8,  8,
         9,  9,  9,  9,  9,  9,  9,  9,  9,  9,  9,  9,  9,  9,  9,  9,  9,  9,
         9,  9,  9,  9,  9,  9,  9,  9,  9,  9,  9,  9,  9,  9,  9,  9,  9,  9,
         9,  9,  9,  9,  9,  9,  9,  9,  9,  9,  9,  9,  9,  9,  9,  9,  9,  9,
         9, 17, 17, 17, 17, 17, 17, 17, 17, 17, 17, 17, 17, 17, 17, 17, 17, 17,
        17, 17, 17, 17, 17, 17, 17, 17, 17, 17, 17, 17, 17, 17, 17, 17, 17, 17,
        17, 17, 17, 17, 17, 17, 17, 17, 17, 17, 17, 17, 17, 17, 17, 17, 17, 17,
        17, 17, 23, 23, 23, 23, 23, 23, 23, 23, 23, 23, 23, 23, 23, 23, 23, 23,
        23, 23, 23, 23, 23, 23, 23, 23, 23, 23, 23, 23, 23, 23, 23, 23, 23, 23,
        23, 23, 23, 23, 23, 23, 23, 23, 23, 23, 23, 23, 23, 23, 23, 23, 23, 23,
        23, 23, 23, 25, 25, 25, 25, 25, 25, 25, 25, 25, 25, 25, 25, 25, 25, 25,
        25, 25, 25, 25, 25, 25, 25, 25, 25, 25, 25, 25, 25, 25, 25, 25, 25, 25,
        25, 25, 25, 25, 25, 25, 25, 25, 25, 25, 25, 25, 25, 25, 25, 25, 25, 25, 25, 25, 25, 25,
        25, 25, 25, 27, 27, 27, 27, 27, 27, 27, 27, 27, 27, 27, 27, 27, 27, 27,
        27, 27, 27, 27, 27, 27, 27, 27, 27, 27, 27, 27, 27, 27, 27, 27, 27, 27,
        27, 27, 27, 27, 27, 27, 27, 27, 27, 27, 27, 27, 27, 27, 27, 27, 27, 27,
        27, 27, 27, 27, 34, 34, 34, 34, 34, 34, 34, 34, 34, 34, 34, 34, 34, 34,
        34, 34, 34, 34, 34, 34, 34, 34, 34, 34, 34, 34, 34, 34, 34, 34, 34, 34,
        34, 34, 34, 34, 34, 34, 34, 34, 34, 34, 34, 34, 34, 34, 34, 34, 34, 34,
        34, 34, 34, 34, 34, 34, 34, 34, 38, 38, 38, 38, 38, 38, 38, 38, 38, 38,
        38, 38, 38, 38, 38, 38, 38, 38, 38, 38, 38, 38, 38, 38, 38, 38, 38, 38,
        38, 38, 38, 38, 38, 38, 38, 38, 38, 38, 38, 38, 38, 38, 38, 38, 38, 38,
        38, 38, 38, 38, 38, 38, 38, 38, 38, 38, 41, 41, 41, 41, 41, 41, 41, 41,
        41, 41, 41, 41, 41, 41, 41, 41, 41, 41, 41, 41, 41, 41, 41, 41, 41, 41,
        41, 41, 41, 41, 41, 41, 41, 41, 41, 41, 41, 41, 41, 41, 41, 41, 41, 41,
        41, 41, 41, 45, 45, 45, 45, 45, 45, 45, 45, 45, 45, 45, 45, 45, 45, 45,
        45, 45, 45, 45, 45, 45, 45, 45, 45, 45, 45, 45, 45, 45, 45, 45, 45, 45, 45, 45, 45, 45,
        45, 45, 45, 45, 45, 45, 45, 45, 45, 45, 45, 45, 45, 45, 45, 45, 45, 45,
        45, 45, 45, 45, 46, 46, 46, 46, 46, 46, 46, 46, 46, 46, 46, 46, 46, 46,
        46, 46, 46, 46, 46, 46, 46, 46, 46, 46, 46, 46, 46, 46, 46, 46, 46, 46,
        46, 46, 46, 46, 46, 46, 46, 46, 46, 46, 46, 46, 46, 46, 46, 46, 46, 46,
        46, 46, 46, 46, 46, 46, 52, 52, 52, 52, 52, 52, 52, 52, 52, 52, 52, 52,
        52, 52, 52, 52, 52, 52, 52, 52, 52, 52, 52, 52, 52, 52, 52, 52, 52, 52,
        52, 52, 52, 52, 52, 52, 52, 52, 52, 52, 52, 52, 52, 52, 52, 52, 52, 52,
        52, 52, 52, 55, 55, 55, 55, 55, 55, 55, 55, 55, 55, 55, 55, 55, 55, 55,
        55, 55, 55, 55, 55, 55, 55, 55, 55, 55, 55, 55, 55, 55, 55, 55, 55, 55,
        55, 55, 55, 55, 55, 55, 55, 55, 55, 55, 55, 55, 55, 55, 55, 55, 55, 55,
        55, 55, 55, 55, 55, 55, 55, 63, 63, 63, 63, 63, 63, 63, 63, 63, 63, 63,
        63, 63, 63, 63, 63, 63, 63, 63, 63, 63, 63, 63, 63, 63, 63, 63, 63, 63,
        63, 63, 63, 63, 63, 63, 63, 63, 63, 63, 63, 63, 63, 63, 63, 63, 63, 63,
        63, 63, 63, 63, 63, 64, 64, 64, 64, 64, 64, 64, 64, 64, 64, 64, 64, 64, 64, 64, 64, 64,
        64, 64, 64, 64, 64, 64, 64, 64, 64, 64, 64, 64, 64, 64, 64, 64, 64, 64,
        64, 64, 64, 64, 64, 64, 64, 64, 64, 64, 64, 64, 64, 64, 64, 64, 64, 64,
        64, 64, 64, 64, 64, 64, 64, 67, 67, 67, 67, 67, 67, 67, 67, 67, 67, 67,
        67, 67, 67, 67, 67, 67, 67, 67, 67, 67, 67, 67, 67, 67, 67, 67, 67, 67,
        67, 67, 67, 67, 67, 67, 67, 67, 67, 67, 67, 67, 67, 67, 67, 67, 67, 67,
        67, 67, 67, 67, 67, 67, 67, 67, 72, 72, 72, 72, 72, 72, 72, 72, 72, 72,
        72, 72, 72, 72, 72, 72, 72, 72, 72, 72, 72, 72, 72, 72, 72, 72, 72, 72,
        72, 72, 72, 72, 72, 72, 72, 72, 72, 72, 72, 72, 72, 72, 72, 72, 72, 72,
        72, 72, 72, 72, 72, 72, 72, 72, 72, 72, 72, 72, 74, 74, 74, 74, 74, 74,
        74, 74, 74, 74, 74, 74, 74, 74, 74, 74, 74, 74, 74, 74, 74, 74, 74, 74,
        74, 74, 74, 74, 74, 74, 74, 74, 74, 74, 74, 74, 74, 74, 74, 74, 74, 74,
        74, 74, 74, 74, 74, 74, 74, 74, 74, 74, 74, 74, 74, 74, 74, 77, 77, 77,
        77, 77, 77, 77, 77, 77, 77, 77, 77, 77, 77, 77, 77, 77, 77, 77, 77, 77,
        77, 77, 77, 77, 77, 77, 77, 77, 77, 77, 77, 77, 77, 77, 77, 77, 77, 77, 77, 77, 77, 77,
        77, 77, 77, 77, 77, 77, 77, 77, 77, 77, 77, 79, 79, 79, 79, 79, 79, 79,
        79, 79, 79, 79, 79, 79, 79, 79, 79, 79, 79, 79, 79, 79, 79, 79, 79, 79,
        79, 79, 79, 79, 79, 79, 79, 79, 79, 79, 79, 79, 79, 79, 79, 79, 79, 79,
        79, 79, 79, 79, 79, 79, 79, 79, 87, 87, 87, 87, 87, 87, 87, 87, 87, 87,
        87, 87, 87, 87, 87, 87, 87, 87, 87, 87, 87, 87, 87, 87, 87, 87, 87, 87,
        87, 87, 87, 87, 87, 87, 87, 87, 87, 87, 87, 87, 87, 87, 87, 87, 87, 87,
        87, 87, 87, 87, 87, 87, 87, 91, 91, 91, 91, 91, 91, 91, 91, 91, 91, 91,
        91, 91, 91, 91, 91, 91, 91, 91, 91, 91, 91, 91, 91, 91, 91, 91, 91, 91,
        91, 91, 91, 91, 91, 91, 91, 91, 91, 91, 91, 91, 91, 91, 91, 91, 91, 91,
        91, 91, 91, 91, 91, 91, 91, 91, 91, 91, 94, 94, 94, 94, 94, 94, 94, 94,
        94, 94, 94, 94, 94, 94, 94, 94, 94, 94, 94, 94, 94, 94, 94, 94, 94, 94,
        94, 94, 94, 94, 94, 94, 94, 94, 94, 94, 94, 94, 94, 94, 94, 94, 94, 94,
        94, 94, 94, 94, 94, 94, 94, 94, 94, 94, 94, 94, 94, 98, 98, 98, 98, 98,
        98, 98, 98, 98, 98,  98,  98,  98,  98,  98,  98,  98,  98,  98,  98,  98,  98,  98,
         98,  98,  98,  98,  98,  98,  98,  98,  98,  98,  98,  98,  98,  98,
         98,  98,  98,  98,  98,  98,  98,  98,  98,  98,  98,  98,  98,  98,
         98,  98,  98,  98,  98,  98,  98,  98, 101, 101, 101, 101, 101, 101,
        101, 101, 101, 101, 101, 101, 101, 101, 101, 101, 101, 101, 101, 101,
        101, 101, 101, 101, 101, 101, 101, 101, 101, 101, 101, 101, 101, 101,
        101, 101, 101, 101, 101, 101, 101, 101, 101, 101, 101, 101, 101, 101,
        101, 101, 101, 101, 101, 101, 101, 101, 101, 108, 108, 108, 108, 108,
        108, 108, 108, 108, 108, 108, 108, 108, 108, 108, 108, 108, 108, 108,
        108, 108, 108, 108, 108, 108, 108, 108, 108, 108, 108, 108, 108, 108,
        108, 108, 108, 108, 108, 108, 108, 108, 108, 108, 108, 108, 108, 108,
        108, 108, 108, 108, 108, 108, 108, 108, 108, 108, 115, 115, 115, 115,
        115, 115, 115, 115, 115, 115, 115, 115, 115, 115, 115, 115, 115, 115,
        115, 115, 115, 115, 115, 115, 115, 115, 115, 115, 115, 115, 115, 115,
        115, 115, 115, 115, 115, 115, 115, 115, 115, 115, 115, 115, 115, 115,
        115, 115, 115, 115, 115, 115, 115, 115, 115, 115, 115, 115, 122, 122,
        122, 122, 122, 122, 122, 122, 122, 122, 122, 122, 122, 122, 122, 122,
        122, 122, 122, 122, 122, 122, 122, 122, 122, 122, 122, 122, 122, 122,
        122, 122, 122, 122, 122, 122, 122, 122, 122, 122, 122, 122, 122, 122, 122, 122, 122, 122,
        122, 122, 122, 122, 122, 127, 127, 127, 127, 127, 127, 127, 127, 127,
        127, 127, 127, 127, 127, 127, 127, 127, 127, 127, 127, 127, 127, 127,
        127, 127, 127, 127, 127, 127, 127, 127, 127, 127, 127, 127, 127, 127,
        127, 127, 127, 127, 127, 127, 127, 127, 127, 127, 127, 127, 127, 127,
        127, 127, 127, 127, 135, 135, 135, 135, 135, 135, 135, 135, 135, 135,
        135, 135, 135, 135, 135, 135, 135, 135, 135, 135, 135, 135, 135, 135,
        135, 135, 135, 135, 135, 135, 135, 135, 135, 135, 135, 135, 135, 135,
        135, 135, 135, 135, 135, 135, 135, 135, 135, 135, 135, 135, 135, 135,
        135, 135, 135
