13642.939134987817	1	0.10810810810810813	我	1
20.977518812638873	2	0.013513513513513516	怀念	1
101.53119105317214	2	0.08108108108108109	那些	1
201.38418060133318	2	0.054054054054054064	日子	1
2623.0289523323645	1	0.2972972972972973	里	1
36.92043311024442	2	0.013513513513513516	同事	1
290.328860366922	1	0.04054054054054055	间	1
672.958803509455	2	0.013513513513513516	建立	1
779.5245990776605	2	0.14864864864864866	起来	1
55104.58551779229	1	0.810810810810811	的	1
24.333921822661093	2	0.25675675675675674	深厚	1
1573.3139109479155	1	0.02702702702702703	而	1
5.03460451503333	2	0.22972972972972971	真挚	1
55104.58551779229	1	0.7972972972972973	的	1
17.621115802616654	2	0.08108108108108109	友情.@	1
147.68173244097767	1	0.02702702702702703	酒	2
692.2581208170828	2	0.054054054054054064	已经	2
518.564265048433	2	0.5135135135135135	成为	2
9.230108277561104	2	0.013513513513513516	国人	2
829.0315434754882	2	0.14864864864864866	生活	2
3063.556847397781	1	0.3648648648648649	中	2
91.46198202310548	2	0.14864864864864866	不可	2
34.40313085272775	2	0.7432432432432432	缺少	2
55104.58551779229	1	0.8513513513513513	的	2
766.0989870375716	2	0.013513513513513516	重要	2
206.4187851163665	2	0.08108108108108109	内容.@	2
172.8547550161443	2	0.02702702702702703	这些	3
1778.0544945592708	1	0.013513513513513516	新	3
68.8062617054555	2	0.013513513513513516	品种	3
276.06414757432754	2	0.02702702702702703	具有	3
65.44985869543328	2	0.013513513513513516	产量	3
959.0921601138492	1	0.6081081081081081	高	3
55104.58551779229	1	0.06756756756756756	的	3
113.27860158824991	2	0.013513513513513516	明显	3
172.01565426363877	2	0.5135135135135135	优势.@	3
56.21975041787218	2	0.02702702702702703	外贸	4
105.72669481569991	2	0.06756756756756756	集团	4
949.8620518362882	2	0.10810810810810813	公司	4
3300.1832596043473	1	0.02702702702702703	为	4
277.7423490793387	2	0.013513513513513516	部队	4
44.47233988279441	2	0.013513513513513516	配置	4
18061.64369768207	1	0.810810810810811	了	4
0.8391007525055549	3	0.013513513513513516	多功能	4
0.8391007525055549	3	0.013513513513513516	健身房	4
8273.53341970477	1	0.581081081081081	和	4
5.8737052675388846	2	0.013513513513513516	球场.@	4
1032.0939255818325	1	0.04054054054054055	它	5
15050.950197692138	1	0.3918918918918919	是	5
226.55720317649983	2	0.013513513513513516	所有	5
62.093455685411065	2	0.013513513513513516	治疗	5
6.7128060200444395	3	0.013513513513513516	艾滋病	5
55104.58551779229	1	0.6081081081081081	的	5
24.333921822661093	2	0.17567567567567569	药物	5
3063.556847397781	1	0.7297297297297297	中	5
2.517302257516665	2	0.02702702702702703	药效	5
1213.3396881230324	1	0.2702702702702703	最	5
113.27860158824991	2	0.054054054054054064	明显	5
55104.58551779229	1	0.7972972972972973	的.@	5
813.0886291778827	2	0.04054054054054055	领导	6
15.942914297605544	2	0.013513513513513516	专程	6
5009.431492458163	1	0.08108108108108109	到	6
236.62641220656647	2	0.013513513513513516	革命	6
10.908309782572214	2	0.4729729729729731	老区	6
23.494821070155538	2	0.2702702702702703	慰问	6
105.72669481569991	2	0.054054054054054064	贫困	6
152.716336956011	2	0.013513513513513516	教师	6
8273.53341970477	1	0.5945945945945946	和	6
279.42055058434977	2	0.013513513513513516	先进	6
152.716336956011	2	0.0945945945945946	教师.@	6
304.59357315951644	2	0.02702702702702703	正在	7
2.517302257516665	2	0.013513513513513516	营房	7
72.16266471547772	2	0.13513513513513511	休息	7
55104.58551779229	1	0.9324324324324326	的	7
503.46045150333293	2	0.013513513513513516	人们	7
1122.7168068524325	1	0.0945945945945946	被	7
0.8391007525055549	4	0.013513513513513516	天崩地裂	7
55104.58551779229	1	0.8513513513513513	的	7
6.7128060200444395	2	0.24324324324324326	响声	7
2.517302257516665	2	0.3783783783783784	惊醒.@	7
0.8391007525055549	2	0.02702702702702703	一个	8
115.79590384576657	2	0.013513513513513516	良好	8
55104.58551779229	1	0.8648648648648649	的	8
8.39100752505555	2	0.013513513513513516	候车	8
354.9396183098497	2	0.3783783783783784	环境	8
975.8741751639603	2	0.04054054054054055	可以	8
31.046727842705533	2	0.054054054054054064	缓解	8
5745.322852405535	1	0.04054054054054055	人	8
55104.58551779229	1	0.7837837837837838	的	8
88.10557901308326	2	0.17567567567567569	紧张	8
68.8062617054555	2	0.02702702702702703	心理.@	8
37.75953386274997	2	0.02702702702702703	降低	9
12.586511287583324	2	0.02702702702702703	关税	9
1266.2030355308823	1	0.0945945945945946	将	9
3488.1418281655915	1	0.13513513513513511	对	9
6.7128060200444395	2	0.013513513513513516	香港	9
2414.931965710987	2	0.0945945945945946	经济	9
190.47587081876097	2	0.20270270270270274	产生	9
25.173022575166648	2	0.013513513513513516	诸多	9
13.425612040088879	2	0.013513513513513516	正面	9
55104.58551779229	1	0.445945945945946	的	9
336.4794017547275	2	0.810810810810811	影响.@	9
226.55720317649983	2	0.02702702702702703	所有	10
804.6976216528271	2	0.013513513513513516	科学	10
31.885828595211088	3	0.02702702702702703	工作者	10
43.63323913028886	2	0.013513513513513516	无疑	10
3472.198913867986	1	0.1891891891891892	都	10
306.2717746645275	2	0.054054054054054064	应该	10
44.47233988279441	2	0.013513513513513516	继承	10
8273.53341970477	1	0.2702702702702703	和	10
59.5761534278944	2	0.810810810810811	发扬	10
8.39100752505555	2	0.06756756756756756	前辈	10
16.7820150501111	3	0.013513513513513516	科学家	10
55104.58551779229	1	0.7162162162162162	的	10
694.7754230745994	2	0.20270270270270274	精神.@	10
5.03460451503333	2	0.02702702702702703	玩具	11
975.8741751639603	2	0.02702702702702703	可以	11
336.4794017547275	2	0.013513513513513516	影响	11
672.1197027569494	2	0.33783783783783783	孩子	11
140.96892642093323	2	0.02702702702702703	今后	11
9.230108277561104	2	0.013513513513513516	情操	11
8273.53341970477	1	0.2702702702702703	和	11
29.368526337694423	2	0.06756756756756756	人格	11
55104.58551779229	1	0.5675675675675675	的	11
319.6973867046164	2	0.2702702702702703	形成.@	11
172.8547550161443	2	0.054054054054054064	这些	12
114.11770234075547	2	0.013513513513513516	文物	12
73.84086622048883	2	0.013513513513513516	显示	12
18061.64369768207	1	0.581081081081081	了	12
26.012123327672203	2	0.08108108108108109	古代	12
55104.58551779229	1	0.08108108108108109	的	12
215.6488933939276	2	0.02702702702702703	艺术	12
31.885828595211088	2	0.06756756756756756	风格	12
8273.53341970477	1	0.7297297297297297	和	12
4.195503762527775	2	0.06756756756756756	高超	12
55104.58551779229	1	0.5540540540540541	的	12
36.92043311024442	2	0.0945945945945946	工艺	12
377.5953386274997	2	0.581081081081081	水平.@	12
683.0280125395217	2	0.02702702702702703	一些	13
5745.322852405535	1	0.3108108108108108	人	13
2.517302257516665	2	0.013513513513513516	撰文	13
57.058851170377736	2	0.16216216216216217	批评	13
4.195503762527775	2	0.013513513513513516	市政	13
32.72492934771664	2	0.054054054054054064	当局	13
0.8391007525055549	4	0.013513513513513516	麻木不仁	13
8273.53341970477	1	0.14864864864864866	和	13
1.6782015050111099	4	0.054054054054054064	玩忽职守	13
55104.58551779229	1	0.7567567567567568	的	13
66.28895944793884	2	0.08108108108108109	作风.@	13
683.0280125395217	2	0.02702702702702703	一些	14
101.53119105317214	2	0.013513513513513516	文章	14
26.851224080177758	2	0.013513513513513516	呼吁	14
1264.5248340258713	2	0.013513513513513516	改革	14
65.44985869543328	2	0.04054054054054055	现有	14
55104.58551779229	1	0.6621621621621622	的	14
114.11770234075547	2	0.02702702702702703	文物	14
448.9189025904719	2	0.5945945945945946	保护	14
212.2924903839054	2	0.04054054054054055	机制.@	14
14.264712792594434	2	0.02702702702702703	获奖	15
141.80802717343877	2	0.054054054054054064	作品	15
26.851224080177758	2	0.013513513513513516	塑造	15
18061.64369768207	1	0.810810810810811	了	15
38.59863461525553	2	0.013513513513513516	性格	15
25.173022575166648	2	0.21621621621621623	鲜明	15
55104.58551779229	1	0.7027027027027027	的	15
1.6782015050111099	4	0.013513513513513516	有血有肉	15
55104.58551779229	1	0.8243243243243243	的	15
215.6488933939276	2	0.04054054054054055	艺术	15
77.19726923051105	2	0.6621621621621622	形象.@	15
66.28895944793884	2	0.04054054054054055	少年	16
359.1351220723775	3	0.013513513513513516	进一步	16
1.6782015050111099	3	0.04054054054054055	认识到	16
1567.4402056803765	2	0.16216216216216217	自己	16
15050.950197692138	1	0.0945945945945946	是	16
136.77342265840545	2	0.06756756756756756	未来	16
55104.58551779229	1	0.7432432432432432	的	16
61.25435493290551	2	0.22972972972972971	主人.@	16
15.103813545099989	2	0.02702702702702703	近来	17
0.8391007525055549	3	0.013513513513513516	动物园	17
59.5761534278944	2	0.013513513513513516	首次	17
3488.1418281655915	1	0.10810810810810813	对	17
10.06920903006666	2	0.013513513513513516	孔雀	17
248.37382274164426	2	0.013513513513513516	成功	17
788.7547073552216	2	0.24324324324324326	进行	17
18061.64369768207	1	0.581081081081081	了	17
88.94467976558882	2	0.2702702702702703	人工	17
23.494821070155538	2	0.445945945945946	繁殖.@	17
23.494821070155538	2	0.02702702702702703	与会	18
189.6367700662554	2	0.054054054054054064	专家	18
98.17478804314992	2	0.02702702702702703	学者	18
3488.1418281655915	1	0.14864864864864866	对	18
812.2495284253771	2	0.02702702702702703	研究	18
31.885828595211088	2	0.02702702702702703	结论	18
788.7547073552216	2	0.13513513513513511	进行	18
18061.64369768207	1	0.6081081081081081	了	18
211.45338963139983	2	0.02702702702702703	充分	18
55104.58551779229	1	0.5405405405405405	的	18
122.50870986581101	2	0.12162162162162163	肯定.@	18
12.586511287583324	2	0.02702702702702703	近期	19
38.59863461525553	3	0.013513513513513516	青少年	19
2.517302257516665	3	0.013513513513513516	近视眼	19
5.03460451503333	2	0.02702702702702703	发病	19
0.8391007525055549	2	0.06756756756756756	机率	19
236.62641220656647	2	0.013513513513513516	一直	19
1.6782015050111099	4	0.14864864864864866	居高不下.@	19
15.103813545099989	2	0.02702702702702703	救灾	20
441.36699581792186	2	0.0945945945945946	人员	20
8273.53341970477	1	0.04054054054054055	和	20
40.27683612026664	2	0.04054054054054055	各种	20
39.43773536776108	2	0.25675675675675674	物资	20
304.59357315951644	2	0.02702702702702703	正在	20
2.517302257516665	4	0.013513513513513516	源源不断	20
13.425612040088879	2	0.013513513513513516	抵达	20
5.03460451503333	2	0.5405405405405405	灾区.@	20
2053.2795413810927	2	0.04054054054054055	企业	21
20.13841806013332	2	0.02702702702702703	每年	21
430.4586860353497	2	0.013513513513513516	实现	21
55104.58551779229	1	0.25675675675675674	的	21
38.59863461525553	2	0.013513513513513516	利税	21
40.27683612026664	2	0.0945945945945946	总额	21
10.06920903006666	3	0.02702702702702703	相当于	21
123.34781061831657	2	0.02702702702702703	当年	21
186.2803670562332	2	0.06756756756756756	全部	21
52.024246655344406	2	0.013513513513513516	固定	21
214.80979264142206	2	0.581081081081081	资产.@	21
29.368526337694423	2	0.02702702702702703	各国	22
3472.198913867986	1	0.04054054054054055	都	22
2939.369936026959	1	0.013513513513513516	把	22
135.9343219058999	2	0.013513513513513516	增强	22
195.5104753337943	2	0.0945945945945946	综合	22
22.655720317649983	2	0.6621621621621622	国力	22
401.9292604501608	2	0.5	作为	22
23.494821070155538	2	0.10810810810810813	首要	22
356.6178198148608	2	0.3513513513513513	任务.@	22
350.74411454732194	2	0.054054054054054064	我国	23
228.23540468151094	2	0.013513513513513516	法律	23
392.69915217259967	2	0.4189189189189189	规定	23
4672.952090703435	1	0.02702702702702703	要	23
20.13841806013332	2	0.054054054054054064	严厉	23
5.8737052675388846	2	0.054054054054054064	惩处	23
10.06920903006666	2	0.013513513513513516	伪造	23
94.8183850331277	2	0.02702702702702703	货币	23
55104.58551779229	1	0.7972972972972973	的	23
126.70421362833879	2	0.14864864864864866	犯罪	23
61.25435493290551	2	0.22972972972972971	分子.@	23
6.7128060200444395	2	0.02702702702702703	漫画	24
139.2907249159221	2	0.02702702702702703	反映	24
18061.64369768207	1	0.7702702702702703	了	24
503.46045150333293	2	0.22972972972972971	人们	24
125.02601212332767	2	0.013513513513513516	面对	24
340.6749055172553	2	0.013513513513513516	不断	24
10.06920903006666	2	0.013513513513513516	升级	24
55104.58551779229	1	0.8378378378378378	的	24
83.07097449804994	2	0.02702702702702703	软件	24
2497.1638394565316	2	0.02702702702702703	发展	24
245.01741973162203	2	0.06756756756756756	感到	24
2.517302257516665	4	0.02702702702702703	无所适从.@	24
172.8547550161443	2	0.04054054054054055	这些	25
292.84616262443865	2	0.02702702702702703	学生	25
384.30814464754417	2	0.013513513513513516	不是	25
565.553907188744	2	0.0945945945945946	因为	25
221.5225986614665	2	0.013513513513513516	家庭	25
2414.931965710987	2	0.08108108108108109	经济	25
222.36169941397205	2	0.3513513513513513	困难	25
1573.3139109479155	1	0.5135135135135135	而	25
3.3564030100222197	2	0.16216216216216217	退学	25
55104.58551779229	1	0.5405405405405405	的.@	25
563.0366049312273	2	0.04054054054054055	国际	26
0.8391007525055549	4	0.013513513513513516	红十字会	26
1213.3396881230324	1	0.10810810810810813	向	26
1122.7168068524325	1	0.013513513513513516	被	26
13.425612040088879	2	0.24324324324324326	洪水	26
0.8391007525055549	2	0.17567567567567569	围困	26
55104.58551779229	1	0.8243243243243243	的	26
397.73375668763305	2	0.02702702702702703	城市	26
28.529425585188868	2	0.013513513513513516	紧急	26
0.8391007525055549	2	0.02702702702702703	空运	26
166.98104974860541	2	0.013513513513513516	粮食.@	26
64.61075794292773	2	0.02702702702702703	飞机	27
3.3564030100222197	2	0.10810810810810813	失事	27
55104.58551779229	1	0.3108108108108108	的	27
207.25788586887205	2	0.5135135135135135	原因	27
419.5503762527774	2	0.02702702702702703	可能	27
15050.950197692138	1	0.7972972972972973	是	27
5.03460451503333	3	0.04054054054054055	发动机	27
310.4672784270553	2	0.06756756756756756	发生	27
7.551906772549994	2	0.5135135135135135	故障.@	27
804.6976216528271	2	0.02702702702702703	科学	28
788.7547073552216	2	0.02702702702702703	教育	28
55104.58551779229	1	0.14864864864864866	的	28
146.8426316884721	2	0.12162162162162163	目的	28
77.19726923051105	2	0.22972972972972971	在于	28
211.45338963139983	2	0.14864864864864866	培养	28
292.84616262443865	2	0.21621621621621623	学生	28
118.31320610328324	2	0.02702702702702703	分析	28
1357.6650175539878	2	0.4729729729729731	问题	28
8273.53341970477	1	0.2702702702702703	和	28
484.1611341957052	2	0.7702702702702703	解决	28
1357.6650175539878	2	0.9054054054054054	问题	28
55104.58551779229	1	0.9054054054054054	的	28
249.2129234941498	2	0.8918918918918918	能力.@	28
172.8547550161443	2	0.04054054054054055	这些	29
296.2025656344609	2	0.02702702702702703	大学	29
469.89642140311076	2	0.013513513513513516	今年	29
8.39100752505555	2	0.013513513513513516	增设	29
18061.64369768207	1	0.5945945945945946	了	29
130.89971739086656	2	0.013513513513513516	金融	29
199.70597909632207	2	0.43243243243243246	专业	29
1397.102752921749	1	0.02702702702702703	以	29
211.45338963139983	2	0.08108108108108109	培养	29
31.885828595211088	2	0.08108108108108109	相关	29
88.10557901308326	2	0.013513513513513516	高级	29
302.9153716545053	2	0.6486486486486487	人才.@	29
0.8391007525055549	2	0.04054054054054055	美国	30
56.21975041787218	2	0.013513513513513516	选手	30
11352.194080647652	1	0.43243243243243246	在	30
25.173022575166648	2	0.013513513513513516	男子	30
21.81661956514443	2	0.013513513513513516	滑雪	30
215.6488933939276	2	0.4054054054054055	比赛	30
3063.556847397781	1	0.8918918918918918	中	30
2.517302257516665	2	0.013513513513513516	有望	30
0.8391007525055549	2	0.02702702702702703	蝉联	30
56.21975041787218	2	0.7432432432432432	冠军.@	30
1548.1408883727488	2	0.02702702702702703	国家	31
166.98104974860541	2	0.013513513513513516	监督	31
2.517302257516665	2	0.013513513513513516	抽查	31
77.19726923051105	2	0.0945945945945946	表明	31
22.655720317649983	2	0.013513513513513516	国产	31
11.747410535077769	3	0.013513513513513516	洗衣机	31
276.06414757432754	2	0.12162162162162163	质量	31
394.3773536776108	2	0.054054054054054064	基本	31
45.31144063529997	2	0.3648648648648649	合格.@	31
1.6782015050111099	2	0.02702702702702703	燃放	32
7.551906772549994	2	0.054054054054054064	鞭炮	32
0.8391007525055549	4	0.013513513513513516	辞旧迎新	32
15050.950197692138	1	0.527027027027027	是	32
350.74411454732194	2	0.17567567567567569	我国	32
1142.8552249125657	2	0.12162162162162163	人民	32
307.11087541703307	2	0.20270270270270274	传统	32
55104.58551779229	1	0.45945945945945943	的	32
5.8737052675388846	2	0.2702702702702703	习俗.@	32
224.8790016714887	2	0.02702702702702703	不少	33
130.060616638361	2	0.013513513513513516	销售	33
441.36699581792186	2	0.3513513513513513	人员	33
81.39277299303883	2	0.013513513513513516	纷纷	33
58.737052675388846	2	0.013513513513513516	担心	33
891.9640999134049	2	0.06756756756756756	这样	33
1885.4593908799818	1	0.0945945945945946	会	33
67.96716095294995	2	0.3513513513513513	导致	33
8.39100752505555	2	0.0945945945945946	销量	33
78.87547073552216	2	0.3918918918918919	下降.@	33
62.093455685411065	2	0.04054054054054055	当今	34
272.70774456430536	2	0.013513513513513516	电话	34
692.2581208170828	2	0.20270270270270274	已经	34
96.49658653813881	2	0.013513513513513516	不再	34
15050.950197692138	1	0.6486486486486487	是	34
511.8514590283885	2	0.054054054054054064	主要	34
67.96716095294995	2	0.04054054054054055	通信	34
145.164430183461	2	0.20270270270270274	手段.@	34
127.54331438084435	2	0.04054054054054055	最近	35
0.8391007525055549	2	0.013513513513513516	美国	35
885.2512938933604	2	0.013513513513513516	文化	35
47.82874289281663	2	0.04054054054054055	娱乐	35
501.78224999832184	2	0.013513513513513516	产品	35
146.00353093596655	2	0.04054054054054055	受到	35
70.48446321046661	2	0.02702702702702703	来自	35
1.6782015050111099	2	0.054054054054054064	欧洲	35
55104.58551779229	1	0.28378378378378377	的	35
46.989642140311076	2	0.16216216216216217	冲击.@	35
189.6367700662554	2	0.02702702702702703	专家	36
216.48799414643315	2	0.10810810810810813	指出	36
12.586511287583324	2	0.013513513513513516	近期	36
310.4672784270553	2	0.10810810810810813	发生	36
102.3702918056777	2	0.02702702702702703	地震	36
55104.58551779229	1	0.635135135135135	的	36
13.425612040088879	3	0.21621621621621623	可能性	36
23.494821070155538	2	0.14864864864864866	不大.@	36
813.0886291778827	2	0.02702702702702703	领导	37
41.95503762527775	2	0.013513513513513516	听取	37
18061.64369768207	1	0.6891891891891891	了	37
36.08133235773886	3	0.013513513513513516	负责人	37
307.11087541703307	2	0.013513513513513516	关于	37
15.103813545099989	3	0.02702702702702703	开发区	37
2497.1638394565316	2	0.20270270270270274	发展	37
578.9795192288328	2	0.06756756756756756	情况	37
55104.58551779229	1	0.7027027027027027	的	37
58.737052675388846	2	0.25675675675675674	汇报.@	37
350.74411454732194	2	0.02702702702702703	我国	38
55.380649665366626	3	0.013513513513513516	大部分	38
558.002000416194	2	0.635135135135135	地区	38
3613.1678402889193	1	0.06756756756756756	还	38
105.72669481569991	2	0.02702702702702703	不能	38
178.7284602836832	2	0.22972972972972971	达到	38
5.8737052675388846	2	0.013513513513513516	就近	38
16.7820150501111	2	0.25675675675675674	入学	38
55104.58551779229	1	0.8648648648648649	的	38
597.4397357839551	2	0.24324324324324326	要求.@	38
377.5953386274997	2	0.02702702702702703	学校	39
495.0694439782774	2	0.013513513513513516	必须	39
177.88935953117763	2	0.10810810810810813	严格	39
229.0745054340165	2	0.08108108108108109	按照	39
20.977518812638873	2	0.02702702702702703	招生	39
433.8150890453719	2	0.3783783783783784	计划	39
13.425612040088879	2	0.054054054054054064	录取	39
10.06920903006666	2	0.1891891891891892	新生.@	39
4.195503762527775	2	0.02702702702702703	首届	40
10.908309782572214	2	0.013513513513513516	摄影	40
25.173022575166648	2	0.013513513513513516	竞赛	40
273.5468453168109	2	0.02702702702702703	得到	40
18061.64369768207	1	0.5945945945945946	了	40
172.01565426363877	2	0.16216216216216217	广大	40
73.00176546798328	2	0.013513513513513516	读者	40
55104.58551779229	1	0.9054054054054054	的	40
137.612523410911	2	0.10810810810810813	大力	40
274.38594606931645	2	0.918918918918919	支持.@	40
380.95174163752193	2	0.04054054054054055	会议	41
115.79590384576657	2	0.04054054054054055	期间	41
109.08309782572213	3	0.013513513513513516	委员会	41
341.51400626976084	2	0.013513513513513516	主席	41
1266.2030355308823	1	0.054054054054054064	将	41
653.6594862018272	1	0.013513513513513516	同	41
1548.1408883727488	2	0.013513513513513516	国家	41
105.72669481569991	3	0.28378378378378377	领导人	41
163.6246467385832	2	0.054054054054054064	举行	41
105.72669481569991	3	0.013513513513513516	一系列	41
19.299317307627764	2	0.04054054054054055	会晤.@	41
563.0366049312273	2	0.04054054054054055	国际	42
41.11593687277219	2	0.04054054054054055	联盟	42
116.63500459827213	2	0.054054054054054064	发表	42
50.346045150333296	2	0.17567567567567569	声明	42
1164.6718444777102	1	0.02702702702702703	并	42
72.16266471547772	2	0.02702702702702703	再次	42
26.851224080177758	2	0.14864864864864866	呼吁	42
484.1611341957052	2	0.013513513513513516	解决	42
114.95680309326102	2	0.04054054054054055	战争	42
7.551906772549994	2	0.10810810810810813	遗留	42
1357.6650175539878	2	0.3513513513513513	问题.@	42
224.8790016714887	2	0.054054054054054064	不少	43
1548.1408883727488	2	0.04054054054054055	国家	43
129.22151588585547	2	0.013513513513513516	居民	43
52.024246655344406	2	0.013513513513513516	生存	43
276.06414757432754	2	0.04054054054054055	质量	43
273.5468453168109	2	0.02702702702702703	得到	43
113.27860158824991	2	0.02702702702702703	明显	43
623.4518591116273	2	0.22972972972972971	提高.@	43
166.98104974860541	2	0.04054054054054055	粮食	44
15050.950197692138	1	0.17567567567567569	是	44
225.71810242399428	2	0.13513513513513511	人类	44
2.517302257516665	2	0.10810810810810813	赖以	44
52.024246655344406	2	0.8783783783783784	生存	44
8273.53341970477	1	0.1891891891891892	和	44
2497.1638394565316	2	0.7837837837837838	发展	44
55104.58551779229	1	0.7972972972972973	的	44
766.0989870375716	2	0.10810810810810813	重要	44
100.69209030066659	2	0.16216216216216217	物质	44
547.9327913861274	2	0.32432432432432434	基础.@	44
1564.0838026703543	2	0.02702702702702703	他们	45
37.75953386274997	2	0.013513513513513516	每天	45
3472.198913867986	1	0.6486486486486487	都	45
419.5503762527774	2	0.013513513513513516	可能	45
25.173022575166648	2	0.006756756756756758	收到	45
166.98104974860541	2	0.04054054054054055	大量	45
31.046727842705533	2	0.04054054054054055	垃圾	45
2.517302257516665	2	0.7027027027027027	邮件.@	45
469.89642140311076	2	0.02702702702702703	今年	46
68.8062617054555	2	0.02702702702702703	春节	46
2968.738462364653	1	0.013513513513513516	她	46
1266.2030355308823	1	0.0945945945945946	将	46
8273.53341970477	1	0.04054054054054055	和	46
341.51400626976084	2	0.08108108108108109	朋友	46
252.56932650417204	2	0.6891891891891891	一起	46
26.012123327672203	2	0.02702702702702703	前往	46
11.747410535077769	2	0.02702702702702703	东北	46
12.586511287583324	2	0.013513513513513516	观赏	46
0.8391007525055549	2	0.24324324324324326	冰雕.@	46
12.586511287583324	2	0.02702702702702703	站长	47
70.48446321046661	2	0.013513513513513516	大胆	47
2939.369936026959	1	0.02702702702702703	把	47
199.70597909632207	2	0.013513513513513516	行为	47
804.6976216528271	2	0.013513513513513516	科学	47
16.7820150501111	2	0.08108108108108109	引入	47
31.885828595211088	2	0.04054054054054055	日常	47
912.1025179735382	2	0.14864864864864866	管理	47
2024.7501157959039	2	0.17567567567567569	工作.@	47
563.0366049312273	2	0.02702702702702703	国际	48
0.8391007525055549	4	0.08108108108108109	红十字会	48
1213.3396881230324	1	0.28378378378378377	向	48
5.03460451503333	2	0.13513513513513511	灾区	48
20.13841806013332	2	0.0945945945945946	发放	48
15.103813545099989	2	0.10810810810810813	救灾	48
39.43773536776108	2	0.6486486486486487	物资	48
8273.53341970477	1	0.6891891891891891	和	48
20.977518812638873	2	0.06756756756756756	捐款.@	48
220.68349790896093	2	0.04054054054054055	有些	49
189.6367700662554	2	0.054054054054054064	专家	49
464.02271613557184	2	0.25675675675675674	认为	49
29.368526337694423	2	0.013513513513513516	黄金	49
329.76659573468305	2	0.13513513513513511	价格	49
140.96892642093323	2	0.013513513513513516	今后	49
419.5503762527774	2	0.06756756756756756	可能	49
15.103813545099989	2	0.013513513513513516	动荡	49
11.747410535077769	2	0.16216216216216217	不定.@	49
12.586511287583324	2	0.04054054054054055	新年	50
11.747410535077769	2	0.12162162162162163	伊始	50
588.209627506394	2	0.013513513513513516	记者	50
23.494821070155538	2	0.02702702702702703	走访	50
18061.64369768207	1	0.7297297297297297	了	50
31.046727842705533	2	0.013513513513513516	北京	50
683.0280125395217	2	0.04054054054054055	一些	50
92.30108277561104	2	0.013513513513513516	大型	50
2.517302257516665	2	0.013513513513513516	花卉	50
1491.9211379548767	2	0.6486486486486487	市场.@	50
63.771657190422175	2	0.04054054054054055	昨天	51
77.19726923051105	2	0.12162162162162163	下午	51
7143.264706079789	1	0.04054054054054055	他	51
11352.194080647652	1	0.08108108108108109	在	51
2.517302257516665	2	0.013513513513513516	法国	51
163.6246467385832	2	0.02702702702702703	举行	51
55104.58551779229	1	0.0945945945945946	的	51
563.0366049312273	2	0.013513513513513516	国际	51
30.207627090199978	2	0.02702702702702703	田径	51
26.012123327672203	2	0.0945945945945946	大赛	51
3063.556847397781	1	0.635135135135135	中	51
4.195503762527775	2	0.013513513513513516	摘取	51
23.494821070155538	2	0.17567567567567569	金牌.@	51
483.32203344319964	2	0.02702702702702703	有关	52
189.6367700662554	2	0.04054054054054055	专家	52
216.48799414643315	2	0.17567567567567569	指出	52
891.9640999134049	2	0.02702702702702703	这样	52
77.19726923051105	2	0.02702702702702703	必然	52
135.9343219058999	2	0.04054054054054055	造成	52
15.942914297605544	2	0.013513513513513516	产销	52
2.517302257516665	2	0.02702702702702703	失调	52
11.747410535077769	2	0.02702702702702703	进而	52
150.19903469849433	2	0.08108108108108109	引起	52
329.76659573468305	2	0.04054054054054055	价格	52
36.08133235773886	2	0.02702702702702703	大战.@	52
469.89642140311076	2	0.04054054054054055	今年	53
1491.9211379548767	2	0.02702702702702703	市场	53
20.977518812638873	2	0.013513513513513516	专项	53
99.01388879565548	2	0.054054054054054064	治理	53
282.776953594372	2	0.013513513513513516	重点	53
15050.950197692138	1	0.2972972972972973	是	53
76.3581684780055	2	0.22972972972972971	打击	53
276.06414757432754	2	0.02702702702702703	具有	53
20.977518812638873	2	0.06756756756756756	欺骗	53
43.63323913028886	2	0.4729729729729731	性质	53
55104.58551779229	1	0.8513513513513513	的	53
86.42737750807215	2	0.12162162162162163	交易	53
199.70597909632207	2	0.4729729729729731	行为.@	53
241.66101672159982	2	0.02702702702702703	根本	54
484.1611341957052	2	0.02702702702702703	解决	54
1357.6650175539878	2	0.33783783783783783	问题	54
55104.58551779229	1	0.7162162162162162	的	54
26.851224080177758	2	0.02702702702702703	出路	54
15050.950197692138	1	0.445945945945946	是	54
212.2924903839054	2	0.02702702702702703	真正	54
265.9949385442609	2	0.013513513513513516	重视	54
88.94467976558882	2	0.02702702702702703	并且	54
137.612523410911	2	0.02702702702702703	大力	54
2497.1638394565316	2	0.13513513513513511	发展	54
155.23363921352765	2	0.013513513513513516	职业	54
788.7547073552216	2	0.4054054054054055	教育.@	54
1.6782015050111099	2	0.04054054054054055	欧洲	55
1548.1408883727488	2	0.20270270270270274	国家	55
469.89642140311076	2	0.02702702702702703	今年	55
2414.931965710987	2	0.0945945945945946	经济	55
388.50364841007195	2	0.24324324324324326	增长	55
164.46374749108875	2	0.17567567567567569	速度	55
1266.2030355308823	1	0.04054054054054055	将	55
44.47233988279441	2	0.02702702702702703	远远	55
13.425612040088879	2	0.14864864864864866	高于	55
83.9100752505555	2	0.02702702702702703	其它	55
558.002000416194	2	0.20270270270270274	地区	55
55104.58551779229	1	0.4864864864864865	的	55
1548.1408883727488	2	0.1891891891891892	国家.@	55
7143.264706079789	1	0.04054054054054055	他	56
55104.58551779229	1	0.06756756756756756	的	56
511.8514590283885	2	0.013513513513513516	主要	56
97.33568729064437	2	0.02702702702702703	观点	56
15050.950197692138	1	0.7837837837837838	是	56
88.10557901308326	2	0.013513513513513516	高级	56
99.85298954816103	2	0.054054054054054064	主管	56
495.0694439782774	2	0.13513513513513511	必须	56
425.42408152031635	1	0.02702702702702703	像	56
1117.682202337399	2	0.04054054054054055	技术	56
441.36699581792186	2	0.3918918918918919	人员	56
182.92396404621095	2	0.13513513513513511	那样	56
47.82874289281663	2	0.013513513513513516	思考	56
1357.6650175539878	2	0.7432432432432432	问题.@	56
683.0280125395217	2	0.04054054054054055	一些	57
759.3861810175272	2	0.04054054054054055	部门	57
11352.194080647652	1	0.013513513513513516	在	57
1.6782015050111099	4	0.013513513513513516	一知半解	57
218.16619565144427	2	0.013513513513513516	甚至	57
4.195503762527775	4	0.13513513513513511	一无所知	57
55104.58551779229	1	0.8783783783783784	的	57
578.9795192288328	2	0.4729729729729731	情况	57
2152.293430176748	1	0.7837837837837838	下	57
12.586511287583324	2	0.013513513513513516	竞相	57
156.07273996603323	2	0.04054054054054055	参与	57
537.0244816035552	2	0.06756756756756756	投资.@	57
1548.1408883727488	2	0.02702702702702703	国家	58
597.4397357839551	2	0.02702702702702703	要求	58
118.31320610328324	2	0.06756756756756756	各地	58
385.98634615255526	1	0.013513513513513516	应	58
143.4862286784499	2	0.006756756756756758	及时	58
39.43773536776108	2	0.013513513513513516	公布	58
96.49658653813881	2	0.013513513513513516	普通	58
203.06238210634427	2	0.02702702702702703	商品	58
58.737052675388846	2	0.02702702702702703	住房	58
55104.58551779229	1	0.5405405405405405	的	58
1360.1823198115044	2	0.02702702702702703	建设	58
181.24576254119987	2	0.013513513513513516	安排	58
8273.53341970477	1	0.33783783783783783	和	58
14.264712792594434	2	0.0945945945945946	进度.@	58
588.209627506394	2	0.02702702702702703	记者	59
15.942914297605544	2	0.013513513513513516	专程	59
81.39277299303883	2	0.14864864864864866	来到	59
28.529425585188868	2	0.013513513513513516	水产	59
13.425612040088879	2	0.17567567567567569	养殖	59
949.8620518362882	2	0.04054054054054055	公司	59
3488.1418281655915	1	0.12162162162162163	对	59
36.08133235773886	3	0.06756756756756756	负责人	59
788.7547073552216	2	0.8378378378378378	进行	59
114.11770234075547	2	0.3783783783783784	采访.@	59
7143.264706079789	1	0.0945945945945946	他	60
54.54154891286107	2	0.013513513513513516	留下	60
55104.58551779229	1	0.14864864864864866	的	60
38.59863461525553	2	0.013513513513513516	宝贵	60
98.17478804314992	2	0.013513513513513516	文学	60
17.621115802616654	2	0.16216216216216217	遗产	60
518.564265048433	2	0.02702702702702703	成为	60
225.71810242399428	2	0.02702702702702703	人类	60
286.13335660439424	2	0.054054054054054064	共同	60
55104.58551779229	1	0.6756756756756757	的	60
694.7754230745994	2	0.16216216216216217	精神	60
42.7941383777833	2	0.6081081081081081	财富.@	60
104.88759406319436	2	0.02702702702702703	观众	61
1960.9784586054818	1	0.013513513513513516	从	61
86.42737750807215	2	0.013513513513513516	事件	61
3063.556847397781	1	0.445945945945946	中	61
124.18691137082213	2	0.08108108108108109	看到	61
18061.64369768207	1	0.4864864864864865	了	61
0.8391007525055549	2	0.10810810810810813	一个	61
1.6782015050111099	2	0.013513513513513516	浑厚	61
55104.58551779229	1	0.581081081081081	的	61
65.44985869543328	2	0.013513513513513516	当代	61
160.26824372856098	2	0.12162162162162163	英雄	61
77.19726923051105	2	0.2972972972972973	形象.@	61
3.3564030100222197	2	0.02702702702702703	军旅	62
6.7128060200444395	2	0.013513513513513516	话剧	62
83.07097449804994	2	0.013513513513513516	始终	62
1266.2030355308823	1	0.02702702702702703	将	62
40.27683612026664	2	0.013513513513513516	崇高	62
2.517302257516665	2	0.013513513513513516	美学	62
401.9292604501608	2	0.0945945945945946	作为	62
14.264712792594434	4	0.013513513513513516	坚持不懈	62
55104.58551779229	1	0.7837837837837838	的	62
139.2907249159221	2	0.3513513513513513	追求.@	62
31.046727842705533	2	0.02702702702702703	北京	63
114.11770234075547	2	0.013513513513513516	拥有	63
62.093455685411065	2	0.013513513513513516	当今	63
19.299317307627764	3	0.1891891891891892	世界上	63
3.3564030100222197	4	0.02702702702702703	绝无仅有	63
1164.6718444777102	1	0.013513513513513516	并	63
31.046727842705533	2	0.06756756756756756	保存	63
5.8737052675388846	2	0.3918918918918919	完好	63
55104.58551779229	1	0.810810810810811	的	63
2.517302257516665	2	0.02702702702702703	都城	63
10.06920903006666	2	0.054054054054054064	古迹.@	63
241.66101672159982	2	0.02702702702702703	根本	64
207.25788586887205	2	0.0945945945945946	原因	64
77.19726923051105	2	0.445945945945946	在于	64
350.74411454732194	2	0.04054054054054055	我国	64
385.1472454000497	2	0.054054054054054064	目前	64
1747.846867469071	2	0.06756756756756756	没有	64
5.8737052675388846	2	0.013513513513513516	详尽	64
1573.3139109479155	1	0.04054054054054055	而	64
155.23363921352765	2	0.13513513513513511	明确	64
55104.58551779229	1	0.7567567567567568	的	64
228.23540468151094	2	0.21621621621621623	法律.@	64
17.621115802616654	2	0.054054054054054064	中国	65
31.885828595211088	2	0.013513513513513516	古老	65
55104.58551779229	1	0.5540540540540541	的	65
268.5122408017776	2	0.24324324324324326	文明	65
8273.53341970477	1	0.0945945945945946	和	65
128.3824151333499	2	0.013513513513513516	高速	65
388.50364841007195	2	0.02702702702702703	增长	65
55104.58551779229	1	0.8783783783783784	的	65
2414.931965710987	2	0.7837837837837838	经济	65
3488.1418281655915	1	0.054054054054054064	对	65
969.1613691439159	2	0.45945945945945943	世界	65
190.47587081876097	2	0.13513513513513511	产生	65
18061.64369768207	1	0.6081081081081081	了	65
286.13335660439424	2	0.13513513513513511	重大	65
336.4794017547275	2	0.7972972972972973	影响.@	65
350.74411454732194	2	0.054054054054054064	我国	66
526.9552725734885	2	0.02702702702702703	科技	66
31.885828595211088	3	0.054054054054054064	工作者	66
21.81661956514443	2	0.013513513513513516	历来	66
3472.198913867986	1	0.32432432432432434	都	66
57.058851170377736	2	0.04054054054054055	注重	66
804.6976216528271	2	0.08108108108108109	科学	66
1117.682202337399	2	0.08108108108108109	技术	66
55104.58551779229	1	0.6621621621621622	的	66
43.63323913028886	2	0.013513513513513516	传播	66
8273.53341970477	1	0.6621621621621622	和	66
62.93255643791662	2	0.08108108108108109	普及.@	66
0.8391007525055549	2	0.04054054054054055	美国	67
11.747410535077769	2	0.013513513513513516	军工	67
2053.2795413810927	2	0.13513513513513511	企业	67
19.299317307627764	2	0.02702702702702703	不惜	67
184.60216555122207	2	0.013513513513513516	投入	67
4.195503762527775	2	0.14864864864864866	巨资	67
440.5278950654163	2	0.08108108108108109	开发	67
40.27683612026664	2	0.013513513513513516	各种	67
6.7128060200444395	2	0.02702702702702703	尖端	67
501.78224999832184	2	0.10810810810810813	产品.@	67
25.173022575166648	2	0.02702702702702703	新春	68
885.2512938933604	2	0.013513513513513516	文化	68
534.5071793460385	2	0.054054054054054064	活动	68
3300.1832596043473	1	0.013513513513513516	为	68
35.24223160523331	2	0.04054054054054055	首都	68
1142.8552249125657	2	0.20270270270270274	人民	68
26.012123327672203	2	0.20270270270270274	增添	68
18061.64369768207	1	0.8783783783783784	了	68
20.13841806013332	2	0.06756756756756756	欢乐	68
7.551906772549994	2	0.054054054054054064	祥和	68
55104.58551779229	1	0.7837837837837838	的	68
26.012123327672203	2	0.20270270270270274	节日	68
41.95503762527775	2	0.6756756756756757	气氛.@	68
26.851224080177758	2	0.02702702702702703	公民	69
55104.58551779229	1	0.2702702702702703	的	69
885.2512938933604	2	0.013513513513513516	文化	69
15.942914297605544	2	0.08108108108108109	修养	69
109.9221985782277	2	0.02702702702702703	体现	69
18061.64369768207	1	0.6216216216216216	了	69
260.121233276722	2	0.013513513513513516	这个	69
1548.1408883727488	2	0.6756756756756757	国家	69
268.5122408017776	2	0.013513513513513516	文明	69
119.1523068557888	2	0.3783783783783784	程度	69
55104.58551779229	1	0.2972972972972973	的	69
15.942914297605544	2	0.5	高低.@	69
483.32203344319964	2	0.04054054054054055	有关	70
759.3861810175272	2	0.21621621621621623	部门	70
355.77871906235526	2	0.04054054054054055	提出	70
4672.952090703435	1	0.16216216216216217	要	70
623.4518591116273	2	0.02702702702702703	提高	70
511.8514590283885	2	0.013513513513513516	主要	70
7.551906772549994	2	0.013513513513513516	干线	70
55104.58551779229	1	0.7702702702702703	的	70
31.046727842705533	2	0.02702702702702703	旅客	70
32.72492934771664	2	0.02702702702702703	列车	70
3.3564030100222197	2	0.04054054054054055	时速.@	70
0.8391007525055549	2	0.02702702702702703	美国	71
16.7820150501111	3	0.02702702702702703	科学家	71
78.87547073552216	2	0.02702702702702703	宣布	71
106.56579556820547	2	0.02702702702702703	制造	71
2200.122173069565	1	0.20270270270270274	出	71
18061.64369768207	1	0.25675675675675674	了	71
92.30108277561104	2	0.02702702702702703	大型	71
5.8737052675388846	2	0.013513513513513516	通用	71
107.40489632071103	2	0.04054054054054055	电子	71
76.3581684780055	3	0.13513513513513511	计算机.@	71
0.8391007525055549	2	0.054054054054054064	美国	72
14.264712792594434	2	0.013513513513513516	苹果	72
122.50870986581101	2	0.13513513513513511	电脑	72
949.8620518362882	2	0.4054054054054055	公司	72
55104.58551779229	1	0.0945945945945946	的	72
25.173022575166648	2	0.013513513513513516	象征	72
12.586511287583324	2	0.02702702702702703	图案	72
15050.950197692138	1	0.7837837837837838	是	72
34.40313085272775	2	0.02702702702702703	缺少	72
40.27683612026664	2	0.10810810810810813	一块	72
55104.58551779229	1	0.4864864864864865	的	72
14.264712792594434	2	0.8243243243243243	苹果.@	72
37.75953386274997	2	0.04054054054054055	正是	73
891.9640999134049	2	0.054054054054054064	这样	73
55104.58551779229	1	0.7432432432432432	的	73
9.230108277561104	2	0.013513513513513516	保守	73
59.5761534278944	2	0.054054054054054064	做法	73
8273.53341970477	1	0.04054054054054055	和	73
5.8737052675388846	2	0.013513513513513516	傲慢	73
101.53119105317214	2	0.4054054054054055	态度	73
13.425612040088879	2	0.013513513513513516	迫使	73
265.15583779175535	2	0.013513513513513516	竞争	73
37.75953386274997	2	0.13513513513513511	对手	73
340.6749055172553	2	0.054054054054054064	不断	73
79.71457148802772	2	0.08108108108108109	创新.@	73
10.06920903006666	2	0.02702702702702703	现任	74
19.299317307627764	2	0.013513513513513516	总裁	74
99.85298954816103	2	0.013513513513513516	主管	74
949.8620518362882	2	0.0945945945945946	公司	74
1313.1926776711935	1	0.02702702702702703	后	74
3488.1418281655915	1	0.04054054054054055	对	74
1778.0544945592708	1	0.013513513513513516	新	74
1117.682202337399	2	0.054054054054054064	技术	74
440.5278950654163	2	0.12162162162162163	开发	74
265.9949385442609	2	0.054054054054054064	重视	74
29.368526337694423	2	0.08108108108108109	不够.@	74
22.655720317649983	2	0.02702702702702703	晚会	75
179.56756103618875	2	0.013513513513513516	集中	75
18061.64369768207	1	0.24324324324324326	了	75
12.586511287583324	2	0.04054054054054055	各个	75
215.6488933939276	2	0.02702702702702703	艺术	75
2.517302257516665	2	0.02702702702702703	行当	75
3063.556847397781	1	0.22972972972972971	中	75
55104.58551779229	1	0.45945945945945943	的	75
6.7128060200444395	3	0.054054054054054064	佼佼者	75
8273.53341970477	1	0.3918918918918919	和	75
10.908309782572214	3	0.013513513513513516	中青年	75
10.908309782572214	3	0.28378378378378377	艺术家	75
375.9171371224886	2	0.12162162162162163	代表.@	75
350.74411454732194	2	0.054054054054054064	我国	76
134.2561204008888	2	0.006756756756756758	广泛	76
253.40842725667758	2	0.16216216216216217	开展	76
55104.58551779229	1	0.0945945945945946	的	76
36.08133235773886	2	0.04054054054054055	全民	76
93.1401835281166	2	0.02702702702702703	义务	76
5.8737052675388846	2	0.0945945945945946	植树	76
180.4066617886943	2	0.06756756756756756	运动	76
164.46374749108875	2	0.013513513513513516	推动	76
18061.64369768207	1	0.8378378378378378	了	76
39.43773536776108	2	0.006756756756756758	城乡	76
17.621115802616654	2	0.2702702702702703	绿化	76
66.28895944793884	2	0.0945945945945946	进程.@	76
118.31320610328324	2	0.02702702702702703	各地	77
278.5814498318442	2	0.006756756756756758	利用	77
270.19044230678867	2	0.0945945945945946	资源	77
8273.53341970477	1	0.12162162162162163	和	77
19.299317307627764	2	0.04054054054054055	地理	77
172.01565426363877	2	0.5945945945945946	优势	77
137.612523410911	2	0.06756756756756756	大力	77
2497.1638394565316	2	0.6081081081081081	发展	77
34.40313085272775	2	0.006756756756756758	优质	77
20.977518812638873	2	0.054054054054054064	高效	77
382.629943142533	2	0.10810810810810813	农业.@	77
3488.1418281655915	1	0.013513513513513516	对	78
292.84616262443865	2	0.013513513513513516	学生	78
788.7547073552216	2	0.06756756756756756	进行	78
181.24576254119987	2	0.04054054054054055	正确	78
2.517302257516665	3	0.02702702702702703	人生观	78
788.7547073552216	2	0.20270270270270274	教育	78
231.59180769153315	2	0.006756756756756758	包括	78
558.8411011686995	2	0.013513513513513516	加强	78
133.41701964838322	2	0.16216216216216217	道德	78
15.942914297605544	2	0.1891891891891892	修养	78
788.7547073552216	2	0.20270270270270274	教育.@	78
6.7128060200444395	2	0.013513513513513516	漫画	79
55.380649665366626	2	0.013513513513513516	创作	79
2393.954446898348	1	0.013513513513513516	能	79
20.977518812638873	2	0.006756756756756758	启发	79
672.1197027569494	2	0.08108108108108109	孩子	79
78.87547073552216	2	0.006756756756756758	运用	79
58.737052675388846	2	0.006756756756756758	多种	79
40.27683612026664	2	0.21621621621621623	思维	79
203.90148285884985	2	0.24324324324324326	方式	79
342.3531070222664	2	0.013513513513513516	认识	79
969.1613691439159	2	0.45945945945945943	世界.@	79
31.046727842705533	2	0.02702702702702703	画家	80
1642.9592734058765	1	0.006756756756756758	想	80
453.9535071055052	2	0.28378378378378377	通过	80
25.173022575166648	2	0.02702702702702703	美术	80
83.07097449804994	2	0.006756756756756758	教学	80
211.45338963139983	2	0.04054054054054055	培养	80
672.1197027569494	2	0.054054054054054064	孩子	80
55104.58551779229	1	0.5945945945945946	的	80
650.3030831918051	2	0.013513513513513516	思想	80
133.41701964838322	2	0.10810810810810813	道德	80
8273.53341970477	1	0.14864864864864866	和	80
9.230108277561104	2	0.13513513513513511	审美	80
4.195503762527775	2	0.0945945945945946	情趣.@	80
125.02601212332767	2	0.02702702702702703	面对	81
211.45338963139983	2	0.006756756756756758	严重	81
55104.58551779229	1	0.8243243243243243	的	81
219.8443971564554	2	0.054054054054054064	自然	81
26.851224080177758	2	0.581081081081081	灾害	81
843.2962562680826	2	0.04054054054054055	政府	81
17.621115802616654	4	0.006756756756756758	千方百计	81
266.83403929676643	2	0.10810810810810813	采取	81
338.1576032597386	2	0.5405405405405405	措施	81
181.24576254119987	2	0.013513513513513516	安排	81
578.9795192288328	2	0.02702702702702703	群众	81
829.0315434754882	2	0.10810810810810813	生活.@	81
18.46021655512221	2	0.02702702702702703	冷战	82
140.12982566842766	2	0.43243243243243246	结束	82
1313.1926776711935	1	0.527027027027027	后	82
3.3564030100222197	3	0.006756756756756758	多极化	82
65.44985869543328	2	0.21621621621621623	趋势	82
55104.58551779229	1	0.054054054054054064	的	82
352.42231605233303	2	0.0945945945945946	出现	82
73.00176546798328	3	0.013513513513513516	有利于	82
166.14194899609987	2	0.04054054054054055	维护	82
969.1613691439159	2	0.5	世界	82
218.16619565144427	2	0.6081081081081081	和平.@	82
17.621115802616654	2	0.06756756756756756	中国	83
885.2512938933604	2	0.02702702702702703	文化	83
55104.58551779229	1	0.3918918918918919	的	83
0.8391007525055549	2	0.013513513513513516	一个	83
140.12982566842766	2	0.013513513513513516	优秀	83
307.11087541703307	2	0.3918918918918919	传统	83
401.9292604501608	2	0.1891891891891892	就是	83
133.41701964838322	2	0.04054054054054055	道德	83
101.53119105317214	2	0.006756756756756758	文章	83
1.6782015050111099	2	0.006756756756756758	并重.@	83
389.3427491625775	2	0.04054054054054055	现代	84
11.747410535077769	3	0.006756756756756758	自动化	84
295.36346488195534	2	0.04054054054054055	系统	84
1397.102752921749	1	0.02702702702702703	以	84
56.21975041787218	2	0.02702702702702703	数字	84
76.3581684780055	3	0.006756756756756758	计算机	84
1117.682202337399	2	0.06756756756756756	技术	84
8273.53341970477	1	0.054054054054054064	和	84
57.89795192288329	2	0.08108108108108109	自动	84
181.24576254119987	2	0.13513513513513511	控制	84
1117.682202337399	2	0.445945945945946	技术	84
3300.1832596043473	1	0.6081081081081081	为	84
103.20939255818325	2	0.13513513513513511	核心.@	84
2053.2795413810927	2	0.04054054054054055	企业	85
813.0886291778827	2	0.04054054054054055	领导	85
8273.53341970477	1	0.12162162162162163	和	85
172.01565426363877	2	0.02702702702702703	广大	85
346.54861078479416	2	0.32432432432432434	职工	85
304.59357315951644	2	0.013513513513513516	正在	85
361.6524243298942	2	0.06756756756756756	积极	85
91.46198202310548	2	0.02702702702702703	主动	85
253.40842725667758	2	0.02702702702702703	开展	85
743.4432667199217	2	0.10810810810810813	生产	85
1.6782015050111099	2	0.013513513513513516	自救.@	85
7143.264706079789	1	0.02702702702702703	他	86
59.5761534278944	2	0.006756756756756758	动员	86
25.173022575166648	3	0.006756756756756758	房地产	86
949.8620518362882	2	0.33783783783783783	公司	86
537.0244816035552	2	0.04054054054054055	投资	86
48.667843645322186	2	0.06756756756756756	兴建	86
55104.58551779229	1	0.054054054054054064	的	86
64.61075794292773	2	0.013513513513513516	小学	86
692.2581208170828	2	0.3783783783783784	已经	86
11352.194080647652	1	0.02702702702702703	在	86
56.21975041787218	2	0.02702702702702703	家乡	86
3.3564030100222197	2	0.06756756756756756	落成.@	86
1548.1408883727488	2	0.02702702702702703	国家	87
62.93255643791662	2	0.006756756756756758	发出	87
28.529425585188868	2	0.10810810810810813	紧急	87
114.11770234075547	2	0.635135135135135	通知	87
597.4397357839551	2	0.3513513513513513	要求	87
118.31320610328324	2	0.14864864864864866	各地	87
54.54154891286107	2	0.04054054054054055	禁止	87
130.060616638361	2	0.04054054054054055	销售	87
268.5122408017776	1	0.013513513513513516	未	87
2.517302257516665	2	0.04054054054054055	认证	87
55104.58551779229	1	0.7972972972972973	的	87
0.8391007525055549	3	0.006756756756756758	故事片.@	87
172.8547550161443	2	0.054054054054054064	这些	88
1.6782015050111099	3	0.006756756756756758	实业家	88
62.093455685411065	3	0.006756756756756758	代表团	88
304.59357315951644	2	0.013513513513513516	正在	88
6273.956326484034	1	0.006756756756756758	就	88
2414.931965710987	2	0.0945945945945946	经济	88
1357.6650175539878	2	0.20270270270270274	问题	88
788.7547073552216	2	0.4729729729729731	进行	88
88.10557901308326	2	0.006756756756756758	紧张	88
55104.58551779229	1	0.5	的	88
79.71457148802772	2	0.02702702702702703	会谈.@	88
12.586511287583324	2	0.02702702702702703	西方	89
362.49152508239973	2	0.013513513513513516	工业	89
1548.1408883727488	2	0.06756756756756756	国家	89
3488.1418281655915	1	0.08108108108108109	对	89
440.5278950654163	2	0.013513513513513516	开发	89
2.517302257516665	2	0.006756756756756758	环绕	89
53.702448160355516	2	0.2702702702702703	地球	89
64.61075794292773	2	0.054054054054054064	卫星	89
7186.058844457572	1	0.054054054054054064	有	89
9.230108277561104	2	0.17567567567567569	浓厚	89
55.380649665366626	2	0.25675675675675674	兴趣.@	89
13642.939134987817	1	0.13513513513513511	我	90
11352.194080647652	1	0.08108108108108109	在	90
83.07097449804994	2	0.013513513513513516	教学	90
2024.7501157959039	2	0.0945945945945946	工作	90
3063.556847397781	1	0.7972972972972973	中	90
1960.9784586054818	1	0.013513513513513516	从	90
2024.7501157959039	2	0.02702702702702703	工作	90
441.36699581792186	2	0.04054054054054055	人员	90
8273.53341970477	1	0.04054054054054055	和	90
28.529425585188868	2	0.006756756756756758	学员	90
88.94467976558882	2	0.2702702702702703	身上	90
36.92043311024442	2	0.013513513513513516	学会	90
18061.64369768207	1	0.5540540540540541	了	90
224.8790016714887	2	0.04054054054054055	不少	90
338.9967040122442	2	0.5135135135135135	东西.@	90
98.17478804314992	2	0.02702702702702703	文学	91
215.6488933939276	2	0.06756756756756756	艺术	91
55104.58551779229	1	0.25675675675675674	的	91
90.62288127059993	2	0.02702702702702703	繁荣	91
192.15407232377208	2	0.013513513513513516	进步	91
109.08309782572213	2	0.006756756756756758	常常	91
67.96716095294995	2	0.02702702702702703	标志	91
4329.7598829286635	1	0.8243243243243243	着	91
1548.1408883727488	2	0.10810810810810813	国家	91
55104.58551779229	1	0.6486486486486487	的	91
14.264712792594434	2	0.013513513513513516	兴旺	91
119.1523068557888	2	0.5	发达.@	91
10.908309782572214	3	0.013513513513513516	艺术家	92
78.87547073552216	2	0.006756756756756758	成就	92
55104.58551779229	1	0.24324324324324326	的	92
19.299317307627764	2	0.02702702702702703	大小	92
511.8514590283885	2	0.02702702702702703	主要	92
18.46021655512221	3	0.25675675675675674	取决于	92
103.20939255818325	2	0.013513513513513516	掌握	92
209.7751881263887	2	0.04054054054054055	时代	92
8.39100752505555	2	0.10810810810810813	脉搏	92
55104.58551779229	1	0.6486486486486487	的	92
119.1523068557888	2	0.12162162162162163	程度.@	92
813.0886291778827	2	0.04054054054054055	领导	93
216.48799414643315	2	0.054054054054054064	指出	93
11.747410535077769	4	0.006756756756756758	当务之急	93
15050.950197692138	1	0.7297297297297297	是	93
242.50011747410537	2	0.013513513513513516	保证	93
186.2803670562332	2	0.006756756756756758	全部	93
5.03460451503333	2	0.02702702702702703	灾区	93
111.6004000832388	2	0.02702702702702703	恢复	93
5.8737052675388846	2	0.04054054054054055	供水.@	93
278.5814498318442	2	0.02702702702702703	总理	94
216.48799414643315	2	0.0945945945945946	指出	94
17.621115802616654	2	0.02702702702702703	中国	94
2414.931965710987	2	0.0945945945945946	经济	94
8273.53341970477	1	0.006756756756756758	和	94
362.49152508239973	2	0.02702702702702703	工业	94
55104.58551779229	1	0.21621621621621623	的	94
2497.1638394565316	2	0.5405405405405405	发展	94
604.1525418039995	2	0.13513513513513511	需要	94
101.53119105317214	2	0.013513513513513516	国外	94
55104.58551779229	1	0.3513513513513513	的	94
279.42055058434977	2	0.13513513513513511	先进	94
1117.682202337399	2	0.8243243243243243	技术.@	94
683.0280125395217	2	0.02702702702702703	一些	95
10.908309782572214	2	0.006756756756756758	敏锐	95
55104.58551779229	1	0.8783783783783784	的	95
98.17478804314992	2	0.04054054054054055	学者	95
692.2581208170828	2	0.13513513513513511	已经	95
351.5832152998275	2	0.21621621621621623	发现	95
623.4518591116273	2	0.006756756756756758	提高	95
76.3581684780055	3	0.006756756756756758	计算机	95
164.46374749108875	2	0.10810810810810813	速度	95
55104.58551779229	1	0.6756756756756757	的	95
13.425612040088879	3	0.02702702702702703	可能性.@	95
389.3427491625775	2	0.02702702702702703	现代	96
26.851224080177758	3	0.006756756756756758	高科技	96
501.78224999832184	2	0.04054054054054055	产品	96
1266.2030355308823	1	0.013513513513513516	将	96
336.4794017547275	2	0.013513513513513516	继续	96
1.6782015050111099	4	0.006756756756756758	无孔不入	96
3624.0761500714916	1	0.635135135135135	地	96
11.747410535077769	2	0.16216216216216217	渗透	96
5009.431492458163	1	0.5	到	96
225.71810242399428	2	0.02702702702702703	人类	96
829.0315434754882	2	0.4189189189189189	生活	96
3063.556847397781	1	0.3783783783783784	中.@	96
172.8547550161443	2	0.054054054054054064	这些	97
407.8029657176997	2	0.013513513513513516	农民	97
272.70774456430536	2	0.02702702702702703	根据	97
122.50870986581101	2	0.006756756756756758	电脑	97
118.31320610328324	2	0.02702702702702703	分析	97
55104.58551779229	1	0.2972972972972973	的	97
1491.9211379548767	2	0.02702702702702703	市场	97
14.264712792594434	2	0.06756756756756756	行情	97
3633.3062583490528	1	0.14864864864864866	来	97
127.54331438084435	2	0.10810810810810813	确定	97
29.368526337694423	2	0.14864864864864866	种植	97
433.8150890453719	2	0.054054054054054064	计划.@	97
292.84616262443865	2	0.02702702702702703	学生	98
6.7128060200444395	2	0.006756756756756758	在家	98
975.8741751639603	2	0.04054054054054055	可以	98
453.9535071055052	2	0.0945945945945946	通过	98
17.621115802616654	2	0.013513513513513516	屏幕	98
2007.1289999932874	1	0.02702702702702703	与	98
234.1091099490498	2	0.3108108108108108	老师	98
165.30284824359433	2	0.013513513513513516	同学	98
86.42737750807215	2	0.04054054054054055	讨论	98
1357.6650175539878	2	0.6081081081081081	问题.@	98
76.3581684780055	3	0.054054054054054064	计算机	99
2437.587686028637	1	0.02702702702702703	给	99
225.71810242399428	2	0.10810810810810813	人类	99
77.19726923051105	2	0.5405405405405405	带来	99
151.03813545099987	2	0.0945945945945946	巨大	99
42.7941383777833	2	0.006756756756756758	财富	99
55104.58551779229	1	0.21621621621621623	的	99
468.2182198980996	2	0.5675675675675675	同时	99
5209.137471554485	1	0.7972972972972973	也	99
77.19726923051105	2	0.4729729729729731	带来	99
211.45338963139983	2	0.013513513513513516	严重	99
55104.58551779229	1	0.5135135135135135	的	99
1357.6650175539878	2	0.24324324324324326	问题.@	99
172.8547550161443	2	0.054054054054054064	这些	100
166.14194899609987	2	0.02702702702702703	现象	100
15050.950197692138	1	0.054054054054054064	是	100
19.299317307627764	3	0.006756756756756758	消费者	100
3488.1418281655915	1	0.10810810810810813	对	100
1.6782015050111099	2	0.013513513513513516	假货	100
10.908309782572214	2	0.02702702702702703	泛滥	100
1.6782015050111099	4	0.02702702702702703	深恶痛绝	100
50.346045150333296	2	0.02702702702702703	情绪	100
55104.58551779229	1	0.6081081081081081	的	100
0.8391007525055549	2	0.02702702702702703	一个	100
139.2907249159221	2	0.0945945945945946	反映.@	100
281.93785284186646	2	0.04054054054054055	当时	101
1564.0838026703543	2	0.02702702702702703	他们	101
11352.194080647652	1	0.08108108108108109	在	101
55.380649665366626	2	0.013513513513513516	激烈	101
265.15583779175535	2	0.04054054054054055	竞争	101
3063.556847397781	1	0.45945945945945943	中	101
91.46198202310548	2	0.013513513513513516	曾经	101
51.18514590283885	2	0.04054054054054055	遇到	101
1938.3227382878317	1	0.33783783783783783	过	101
458.9881116205385	2	0.13513513513513511	许多	101
222.36169941397205	2	0.3108108108108108	困难.@	101
35.24223160523331	2	0.02702702702702703	近年	102
9.230108277561104	2	0.006756756756756758	干旱	102
0.8391007525055549	2	0.013513513513513516	成灾	102
55104.58551779229	1	0.32432432432432434	的	102
1357.6650175539878	2	0.10810810810810813	问题	102
109.9221985782277	2	0.013513513513513516	说明	102
382.629943142533	2	0.013513513513513516	农业	102
55104.58551779229	1	0.1891891891891892	的	102
547.9327913861274	2	0.02702702702702703	基础	102
193.83227382878317	2	0.16216216216216217	地位	102
11759.997046365352	1	0.04054054054054055	不	102
4.195503762527775	2	0.054054054054054064	稳固.@	102
160.26824372856098	2	0.02702702702702703	中央	103
813.0886291778827	2	0.14864864864864866	领导	103
3488.1418281655915	1	0.14864864864864866	对	103
175.37205727366097	2	0.013513513513513516	整个	103
126.70421362833879	2	0.006756756756756758	图书	103
246.69562123663314	2	0.0945945945945946	出版	103
2024.7501157959039	2	0.0945945945945946	工作	103
355.77871906235526	2	0.08108108108108109	提出	103
18061.64369768207	1	0.635135135135135	了	103
597.4397357839551	2	0.06756756756756756	要求	103
8273.53341970477	1	0.6621621621621622	和	103
25.173022575166648	2	0.13513513513513511	期望.@	103
94.8183850331277	2	0.013513513513513516	保险	104
350.74411454732194	2	0.006756756756756758	机构	104
11352.194080647652	1	0.054054054054054064	在	104
1534.7152763326599	2	0.14864864864864866	社会	104
143.4862286784499	2	0.10810810810810813	保障	104
182.92396404621095	2	0.16216216216216217	体系	104
3063.556847397781	1	0.7297297297297297	中	104
96.49658653813881	2	0.013513513513513516	承担	104
766.0989870375716	2	0.13513513513513511	重要	104
389.3427491625775	2	0.14864864864864866	作用.@	104
31.046727842705533	2	0.02702702702702703	发射	105
15.103813545099989	2	0.10810810810810813	火箭	105
55104.58551779229	1	0.4054054054054055	的	105
511.8514590283885	2	0.054054054054054064	主要	105
146.8426316884721	2	0.1891891891891892	目的	105
15050.950197692138	1	0.7162162162162162	是	105
9.230108277561104	2	0.04054054054054055	运送	105
0.8391007525055549	3	0.006756756756756758	超音速	105
3.3564030100222197	4	0.02702702702702703	航天飞机	105
222.36169941397205	2	0.21621621621621623	进入	105
55.380649665366626	2	0.12162162162162163	轨道.@	105
36.08133235773886	2	0.02702702702702703	院长	106
193.83227382878317	2	0.04054054054054055	强调	106
217.32709489893873	2	0.06756756756756756	医院	106
495.0694439782774	2	0.10810810810810813	必须	106
558.8411011686995	2	0.1891891891891892	加强	106
25.173022575166648	2	0.006756756756756758	药品	106
276.06414757432754	2	0.06756756756756756	质量	106
55104.58551779229	1	0.4729729729729731	的	106
166.98104974860541	2	0.21621621621621623	监督	106
912.1025179735382	2	0.0945945945945946	管理.@	106
350.74411454732194	2	0.04054054054054055	我国	107
32.72492934771664	3	0.006756756756756758	企业家	107
5.8737052675388846	2	0.006756756756756758	深知	107
788.7547073552216	2	0.013513513513513516	教育	107
104.04849331068881	2	0.006756756756756758	培训	107
74.6799669729944	2	0.02702702702702703	费用	107
401.9292604501608	2	0.013513513513513516	就是	107
3488.1418281655915	1	0.10810810810810813	对	107
136.77342265840545	2	0.14864864864864866	未来	107
55104.58551779229	1	0.6081081081081081	的	107
537.0244816035552	2	0.5540540540540541	投资.@	107
284.4551550993831	2	0.04054054054054055	大家	108
45.31144063529997	2	0.006756756756756758	平时	108
211.45338963139983	2	0.006756756756756758	充分	108
50.346045150333296	2	0.013513513513513516	享受	108
18061.64369768207	1	0.28378378378378377	了	108
29.368526337694423	2	0.013513513513513516	从前	108
231.59180769153315	2	0.013513513513513516	只有	108
42.7941383777833	2	0.006756756756756758	过年	108
86.42737750807215	2	0.4189189189189189	才能	108
50.346045150333296	2	0.6081081081081081	享受	108
55104.58551779229	1	0.7567567567567568	的	108
338.9967040122442	2	0.08108108108108109	东西.@	108
10.06920903006666	2	0.013513513513513516	辛劳	109
55104.58551779229	1	0.527027027027027	的	109
407.8029657176997	2	0.17567567567567569	农民	109
9.230108277561104	2	0.013513513513513516	聚集	109
5009.431492458163	1	0.08108108108108109	到	109
252.56932650417204	2	0.3648648648648649	一起	109
81.39277299303883	2	0.013513513513513516	纷纷	109
14.264712792594434	2	0.04054054054054055	谈论	109
307.11087541703307	2	0.06756756756756756	关于	109
42.7941383777833	2	0.006756756756756758	过年	109
55104.58551779229	1	0.7162162162162162	的	109
21.81661956514443	2	0.006756756756756758	种种	109
47.82874289281663	2	0.04054054054054055	话题.@	109
1548.1408883727488	2	0.04054054054054055	国家	110
1360.1823198115044	2	0.04054054054054055	建设	110
8273.53341970477	1	0.02702702702702703	和	110
2414.931965710987	2	0.06756756756756756	经济	110
2497.1638394565316	2	0.7297297297297297	发展	110
55104.58551779229	1	0.12162162162162163	的	110
282.776953594372	2	0.04054054054054055	重点	110
77.19726923051105	2	0.22972972972972971	在于	110
65.44985869543328	2	0.006756756756756758	现有	110
2053.2795413810927	2	0.04054054054054055	企业	110
55104.58551779229	1	0.6621621621621622	的	110
1117.682202337399	2	0.02702702702702703	技术	110
135.9343219058999	2	0.04054054054054055	改造.@	110
172.8547550161443	2	0.04054054054054055	这些	111
140.12982566842766	2	0.006756756756756758	深化	111
44.47233988279441	2	0.013513513513513516	人事	111
571.4276124562829	2	0.12162162162162163	制度	111
55104.58551779229	1	0.6081081081081081	的	111
1264.5248340258713	2	0.25675675675675674	改革	111
33.5640301002222	2	0.013513513513513516	举措	111
146.00353093596655	2	0.013513513513513516	受到	111
949.8620518362882	2	0.006756756756756758	公司	111
346.54861078479416	2	0.04054054054054055	职工	111
55104.58551779229	1	0.7432432432432432	的	111
117.47410535077769	2	0.25675675675675674	欢迎.@	111
380.95174163752193	2	0.054054054054054064	会议	112
127.54331438084435	2	0.013513513513513516	确定	112
469.89642140311076	2	0.04054054054054055	今年	112
2024.7501157959039	2	0.12162162162162163	工作	112
282.776953594372	2	0.12162162162162163	重点	112
15050.950197692138	1	0.5405405405405405	是	112
672.958803509455	2	0.013513513513513516	建立	112
1164.6718444777102	1	0.04054054054054055	并	112
83.07097449804994	2	0.08108108108108109	健全	112
483.32203344319964	2	0.054054054054054064	有关	112
15.103813545099989	2	0.04054054054054055	规章	112
571.4276124562829	2	0.8378378378378378	制度.@	112
70.48446321046661	2	0.02702702702702703	来自	113
1.6782015050111099	2	0.013513513513513516	英国	113
118.31320610328324	2	0.04054054054054055	各地	113
55104.58551779229	1	0.8513513513513513	的	113
17.621115802616654	2	0.013513513513513516	中国	113
13.425612040088879	3	0.25675675675675674	留学生	113
9.230108277561104	2	0.17567567567567569	聚集	113
11352.194080647652	1	0.7567567567567568	在	113
0.8391007525055549	2	0.12162162162162163	伦敦.@	113
416.19397324275525	2	0.02702702702702703	去年	114
0.8391007525055549	2	0.006756756756756758	二月	114
17.621115802616654	3	0.006756756756756758	董事长	114
52.86334740784996	2	0.02702702702702703	带领	114
346.54861078479416	2	0.06756756756756756	职工	114
3488.1418281655915	1	0.013513513513513516	对	114
2053.2795413810927	2	0.14864864864864866	企业	114
788.7547073552216	2	0.17567567567567569	进行	114
18061.64369768207	1	0.5	了	114
177.0502587786721	2	0.054054054054054064	深入	114
186.2803670562332	2	0.12162162162162163	调查.@	114
304.59357315951644	2	0.04054054054054055	正在	115
11.747410535077769	2	0.013513513513513516	执勤	115
55104.58551779229	1	0.9324324324324326	的	115
1.6782015050111099	3	0.006756756756756758	集团军	115
97.33568729064437	2	0.013513513513513516	官兵	115
17.621115802616654	2	0.006756756756756758	奋力	115
39.43773536776108	2	0.2972972972972973	抢救	115
578.9795192288328	2	0.013513513513513516	群众	115
55104.58551779229	1	0.5	的	115
217.32709489893873	2	0.2702702702702703	生命	115
61.25435493290551	2	0.24324324324324326	财产.@	115
15.103813545099989	2	0.02702702702702703	救灾	116
114.95680309326102	2	0.006756756756756758	队员	116
194.67137458128875	2	0.013513513513513516	首先	116
1266.2030355308823	1	0.054054054054054064	将	116
419.5503762527774	2	0.013513513513513516	可能	116
310.4672784270553	2	0.1891891891891892	发生	116
0.8391007525055549	2	0.006756756756756758	崩塌	116
55104.58551779229	1	0.7837837837837838	的	116
197.1886768388054	2	0.006756756756756758	部分	116
1215.0178896280436	1	0.02702702702702703	用	116
10.06920903006666	2	0.04054054054054055	架子	116
34.40313085272775	2	0.14864864864864866	支撑	116
3179.3527512435476	1	0.04054054054054055	好.@	116
503.46045150333293	2	0.054054054054054064	人们	117
11352.194080647652	1	0.04054054054054055	在	117
0.8391007525055549	3	0.006756756756756758	紫红色	117
35.24223160523331	2	0.006756756756756758	轿车	117
55104.58551779229	1	0.3108108108108108	的	117
14.264712792594434	2	0.006756756756756758	前方	117
351.5832152998275	2	0.16216216216216217	发现	117
18061.64369768207	1	0.6216216216216216	了	117
3.3564030100222197	2	0.013513513513513516	肇事	117
55104.58551779229	1	0.12162162162162163	的	117
168.65925125361653	2	0.06756756756756756	汽车	117
41.11593687277219	2	0.43243243243243246	司机.@	117
563.0366049312273	2	0.04054054054054055	国际	118
519.4033658009384	2	0.006756756756756758	合作	118
13.425612040088879	3	0.006756756756756758	有可能	118
3300.1832596043473	1	0.08108108108108109	为	118
17.621115802616654	2	0.10810810810810813	中国	118
55104.58551779229	1	0.3648648648648649	的	118
2497.1638394565316	2	0.445945945945946	发展	118
21.81661956514443	2	0.006756756756756758	注入	118
1778.0544945592708	1	0.2972972972972973	新	118
38.59863461525553	2	0.013513513513513516	动力.@	118
1.6782015050111099	2	0.02702702702702703	英国	119
843.2962562680826	2	0.21621621621621623	政府	119
125.02601212332767	2	0.006756756756756758	清楚	119
3624.0761500714916	1	0.5	地	119
77.19726923051105	2	0.06756756756756756	表明	119
4672.952090703435	1	0.08108108108108109	要	119
114.95680309326102	2	0.054054054054054064	坚决	119
1.6782015050111099	2	0.006756756756756758	缉拿	119
10.06920903006666	2	0.02702702702702703	策划	119
20.13841806013332	2	0.16216216216216217	爆炸	119
55104.58551779229	1	0.25675675675675674	的	119
5.8737052675388846	2	0.054054054054054064	凶犯.@	119
132.57791889587767	2	0.02702702702702703	当地	120
51.18514590283885	3	0.006756756756756758	大多数	120
7.551906772549994	2	0.006756756756756758	选民	120
3488.1418281655915	1	0.08108108108108109	对	120
1564.0838026703543	2	0.04054054054054055	他们	120
0.8391007525055549	4	0.006756756756756758	信誓旦旦	120
55104.58551779229	1	0.6216216216216216	的	120
242.50011747410537	2	0.04054054054054055	保证	120
51.18514590283885	1	0.12162162162162163	持	120
38.59863461525553	2	0.6486486486486487	怀疑	120
101.53119105317214	2	0.8378378378378378	态度.@	120
75.51906772549994	2	0.04054054054054055	学院	121
55104.58551779229	1	0.10810810810810813	的	121
253.40842725667758	2	0.013513513513513516	经验	121
150.19903469849433	2	0.013513513513513516	引起	121
22.655720317649983	3	0.006756756756756758	研究所	121
483.32203344319964	2	0.04054054054054055	有关	121
189.6367700662554	2	0.054054054054054064	专家	121
55104.58551779229	1	0.8378378378378378	的	121
144.32532943095543	2	0.25675675675675674	高度	121
265.9949385442609	2	0.7432432432432432	重视.@	121
172.8547550161443	2	0.04054054054054055	这些	122
34.40313085272775	3	0.006756756756756758	核电站	122
101.53119105317214	2	0.013513513513513516	运行	122
260.96033402922757	2	0.04054054054054055	以来	122
1747.846867469071	2	0.02702702702702703	没有	122
3488.1418281655915	1	0.04054054054054055	对	122
67.96716095294995	2	0.17567567567567569	周围	122
354.9396183098497	2	0.5	环境	122
190.47587081876097	2	0.10810810810810813	产生	122
10.908309782572214	2	0.10810810810810813	不良	122
336.4794017547275	2	0.6756756756756757	影响.@	122
172.01565426363877	2	0.02702702702702703	总统	123
573.105813961294	2	0.02702702702702703	今天	123
216.48799414643315	2	0.013513513513513516	指出	123
147.68173244097767	2	0.006756756756756758	当前	123
55104.58551779229	1	0.28378378378378377	的	123
356.6178198148608	2	0.14864864864864866	任务	123
15050.950197692138	1	0.8378378378378378	是	123
242.50011747410537	2	0.013513513513513516	保证	123
428.7804845303385	2	0.02702702702702703	政治	123
402.76836120266637	2	0.3918918918918919	稳定	123
8273.53341970477	1	0.7162162162162162	和	123
2414.931965710987	2	0.635135135135135	经济	123
2497.1638394565316	2	0.7027027027027027	发展.@	123
278.5814498318442	2	0.02702702702702703	总理	124
193.83227382878317	2	0.013513513513513516	强调	124
469.89642140311076	2	0.06756756756756756	今年	124
4672.952090703435	1	0.06756756756756756	要	124
282.776953594372	2	0.06756756756756756	重点	124
484.1611341957052	2	0.06756756756756756	解决	124
32.72492934771664	4	0.013513513513513516	通货膨胀	124
55104.58551779229	1	0.5540540540540541	的	124
2414.931965710987	2	0.054054054054054064	经济	124
1357.6650175539878	2	0.581081081081081	问题.@	124
73.00176546798328	2	0.02702702702702703	报纸	125
81.39277299303883	2	0.006756756756756758	纷纷	125
116.63500459827213	2	0.0945945945945946	发表	125
42.7941383777833	2	0.14864864864864866	评论	125
13.425612040088879	2	0.04054054054054055	谴责	125
483.32203344319964	2	0.04054054054054055	有关	125
759.3861810175272	2	0.3783783783783784	部门	125
1747.846867469071	2	0.054054054054054064	没有	125
266.83403929676643	2	0.054054054054054064	采取	125
109.08309782572213	2	0.013513513513513516	切实	125
338.1576032597386	2	0.3648648648648649	措施.@	125
55.380649665366626	3	0.013513513513513516	近年来	126
1.6782015050111099	3	0.006756756756756758	党中央	126
208.09698662137762	2	0.054054054054054064	制定	126
18061.64369768207	1	0.7567567567567568	了	126
105.72669481569991	3	0.5540540540540541	一系列	126
44.47233988279441	2	0.006756756756756758	强化	126
382.629943142533	2	0.04054054054054055	农业	126
547.9327913861274	2	0.13513513513513511	基础	126
193.83227382878317	2	0.16216216216216217	地位	126
55104.58551779229	1	0.8243243243243243	的	126
472.4137236606274	2	0.3513513513513513	政策.@	126
1564.0838026703543	2	0.054054054054054064	他们	127
1213.3396881230324	1	0.013513513513513516	向	127
0.8391007525055549	2	0.006756756756756758	美国	127
2.517302257516665	2	0.006756756756756758	核查	127
84.74917600306105	2	0.12162162162162163	小组	127
13.425612040088879	2	0.006756756756756758	披露	127
0.8391007525055549	3	0.006756756756756758	核武器	127
92.30108277561104	2	0.02702702702702703	研制	127
8273.53341970477	1	0.02702702702702703	和	127
743.4432667199217	2	0.14864864864864866	生产	127
55104.58551779229	1	0.5675675675675675	的	127
37.75953386274997	2	0.06756756756756756	秘密.@	127
10.06920903006666	2	0.02702702702702703	水兵	128
8273.53341970477	1	0.0945945945945946	和	128
1.6782015050111099	3	0.006756756756756758	制造厂	128
1117.682202337399	2	0.02702702702702703	技术	128
441.36699581792186	2	0.2972972972972973	人员	128
28.529425585188868	2	0.006756756756756758	一道	128
118.31320610328324	2	0.013513513513513516	分析	128
1164.6718444777102	1	0.04054054054054055	并	128
24.333921822661093	2	0.013513513513513516	排除	128
18061.64369768207	1	0.5135135135135135	了	128
21.81661956514443	2	0.02702702702702703	装备	128
7.551906772549994	2	0.33783783783783783	故障.@	128
18.46021655512221	2	0.013513513513513516	处长	129
2393.954446898348	1	0.006756756756756758	能	129
10.06920903006666	2	0.006756756756756758	熟练	129
103.20939255818325	2	0.08108108108108109	掌握	129
277.7423490793387	2	0.006756756756756758	部队	129
58.737052675388846	2	0.006756756756756758	多种	129
5.03460451503333	2	0.006756756756756758	舰艇	129
55104.58551779229	1	0.7162162162162162	的	129
0.8391007525055549	2	0.006756756756756758	各类	129
21.81661956514443	2	0.04054054054054055	装备	129
22.655720317649983	2	0.04054054054054055	性能.@	129
181.24576254119987	2	0.04054054054054055	双方	130
59.5761534278944	2	0.006756756756756758	签署	130
55104.58551779229	1	0.0945945945945946	的	130
105.72669481569991	3	0.013513513513513516	一系列	130
81.39277299303883	2	0.08108108108108109	文件	130
2.517302257516665	2	0.006756756756756758	将会	130
3300.1832596043473	1	0.04054054054054055	为	130
140.96892642093323	2	0.12162162162162163	今后	130
55104.58551779229	1	0.6216216216216216	的	130
519.4033658009384	2	0.4189189189189189	合作	130
27.690324832683313	2	0.0945945945945946	奠定	130
547.9327913861274	2	0.6621621621621622	基础.@	130
361.6524243298942	2	0.02702702702702703	参加	131
20.13841806013332	2	0.006756756756756758	决赛	131
55104.58551779229	1	0.8513513513513513	的	131
21.81661956514443	2	0.02702702702702703	都是	131
416.19397324275525	2	0.013513513513513516	去年	131
4.195503762527775	2	0.006756756756756758	滑冰	131
2.517302257516665	3	0.006756756756756758	大奖赛	131
3063.556847397781	1	0.14864864864864866	中	131
5.03460451503333	4	0.013513513513513516	名列前茅	131
55104.58551779229	1	0.918918918918919	的	131
3.3564030100222197	2	0.013513513513513516	高手.@	131
483.32203344319964	2	0.02702702702702703	有关	132
759.3861810175272	2	0.4054054054054055	部门	132
370.0434318549497	2	0.013513513513513516	希望	132
74.6799669729944	2	0.02702702702702703	尽快	132
3.3564030100222197	2	0.006756756756756758	疏通	132
130.060616638361	2	0.013513513513513516	销售	132
77.19726923051105	2	0.45945945945945943	渠道	132
1397.102752921749	1	0.08108108108108109	以	132
242.50011747410537	2	0.08108108108108109	保证	132
407.8029657176997	2	0.013513513513513516	农民	132
248.37382274164426	2	0.054054054054054064	利益.@	132
0.8391007525055549	2	0.054054054054054064	美国	133
2.517302257516665	3	0.006756756756756758	外交部	133
3.3564030100222197	3	0.3783783783783784	发言人	133
11352.194080647652	1	0.02702702702702703	在	133
140.96892642093323	2	0.02702702702702703	回答	133
588.209627506394	2	0.7702702702702703	记者	133
15.103813545099989	2	0.5135135135135135	提问	133
1134.4642173875102	1	0.7702702702702703	时	133
70.48446321046661	2	0.013513513513513516	强烈	133
13.425612040088879	2	0.24324324324324326	谴责	133
18061.64369768207	1	0.1891891891891892	了	133
20.13841806013332	2	0.013513513513513516	爆炸	133
86.42737750807215	2	0.4864864864864865	事件.@	133
260.121233276722	2	0.02702702702702703	这个	134
558.002000416194	2	0.02702702702702703	地区	134
29.368526337694423	2	0.006756756756756758	爆发	134
55104.58551779229	1	0.06756756756756756	的	134
65.44985869543328	2	0.013513513513513516	武装	134
53.702448160355516	2	0.3108108108108108	冲突	134
2437.587686028637	1	0.08108108108108109	给	134
100.69209030066659	2	0.006756756756756758	独立	134
84.74917600306105	2	0.013513513513513516	不久	134
55104.58551779229	1	0.8648648648648649	的	134
1548.1408883727488	2	0.5	国家	134
77.19726923051105	2	0.527027027027027	带来	134
28.529425585188868	2	0.006756756756756758	严峻	134
29.368526337694423	2	0.1891891891891892	考验.@	134
812.2495284253771	2	0.013513513513513516	研究	135
433.8150890453719	2	0.013513513513513516	计划	135
55104.58551779229	1	0.17567567567567569	的	135
282.776953594372	2	0.04054054054054055	重点	135
15050.950197692138	1	0.2972972972972973	是	135
623.4518591116273	2	0.02702702702702703	提高	135
46.989642140311076	2	0.006756756756756758	海军	135
7.551906772549994	2	0.013513513513513516	舰队	135
55104.58551779229	1	0.7432432432432432	的	135
20.977518812638873	2	0.2972972972972973	作战	135
249.2129234941498	2	0.581081081081081	能力.@	135
278.5814498318442	2	0.02702702702702703	总理	136
3300.1832596043473	1	0.013513513513513516	为	136
179.56756103618875	2	0.006756756756756758	集中	136
43.63323913028886	2	0.12162162162162163	精力	136
31.046727842705533	2	0.006756756756756758	筹备	136
380.95174163752193	2	0.10810810810810813	会议	136
1573.3139109479155	1	0.12162162162162163	而	136
6.7128060200444395	2	0.054054054054054064	推迟	136
18061.64369768207	1	0.6081081081081081	了	136
8.39100752505555	2	0.02702702702702703	出访	136
433.8150890453719	2	0.06756756756756756	计划.@	136
9375.272707744565	1	0.054054054054054064	这	137
3300.1832596043473	1	0.013513513513513516	为	137
949.8620518362882	2	0.013513513513513516	公司	137
125.86511287583323	2	0.013513513513513516	自身	137
55104.58551779229	1	0.5540540540540541	的	137
99.01388879565548	2	0.006756756756756758	快速	137
2497.1638394565316	2	0.7837837837837838	发展	137
312.14547993206645	2	0.054054054054054064	创造	137
18061.64369768207	1	0.8648648648648649	了	137
115.79590384576657	2	0.3108108108108108	良好	137
55104.58551779229	1	0.810810810810811	的	137
270.19044230678867	2	0.013513513513513516	资源	137
8273.53341970477	1	0.3513513513513513	和	137
1491.9211379548767	2	0.054054054054054064	市场	137
410.3202679752163	2	0.21621621621621623	条件.@	137
1778.0544945592708	1	0.02702702702702703	新	138
46.15054138780552	2	0.006756756756756758	组建	138
55104.58551779229	1	0.8918918918918918	的	138
67.96716095294995	2	0.006756756756756758	通信	138
949.8620518362882	2	0.12162162162162163	公司	138
37.75953386274997	2	0.013513513513513516	打破	138
18061.64369768207	1	0.7702702702702703	了	138
7.551906772549994	4	0.006756756756756758	长期以来	138
15.942914297605544	2	0.04054054054054055	电信	138
1491.9211379548767	2	0.08108108108108109	市场	138
55104.58551779229	1	0.6486486486486487	的	138
15.103813545099989	2	0.45945945945945943	垄断	138
76.3581684780055	2	0.3513513513513513	局面.@	138
36.08133235773886	2	0.02702702702702703	刑事	139
0.8391007525055549	2	0.054054054054054064	侦查	139
759.3861810175272	2	0.06756756756756756	部门	139
566.3930079412496	2	0.006756756756756758	组织	139
1.6782015050111099	2	0.013513513513513516	小队	139
11352.194080647652	1	0.04054054054054055	在	139
36.08133235773886	2	0.04054054054054055	车站	139
8273.53341970477	1	0.12162162162162163	和	139
32.72492934771664	2	0.054054054054054064	列车	139
5821.6810208835395	1	0.5945945945945946	上	139
76.3581684780055	2	0.08108108108108109	打击	139
13.425612040088879	2	0.08108108108108109	不法	139
534.5071793460385	2	0.02702702702702703	活动.@	139
260.121233276722	2	0.04054054054054055	这个	140
19.299317307627764	3	0.006756756756756758	公安局	140
266.83403929676643	2	0.02702702702702703	采取	140
338.1576032597386	2	0.14864864864864866	措施	140
623.4518591116273	2	0.04054054054054055	提高	140
99.01388879565548	2	0.013513513513513516	快速	140
49.50694439782774	2	0.054054054054054064	反应	140
249.2129234941498	2	0.3513513513513513	能力	140
8273.53341970477	1	0.3783783783783784	和	140
76.3581684780055	2	0.06756756756756756	打击	140
36.92043311024442	2	0.16216216216216217	力度.@	140
683.0280125395217	2	0.02702702702702703	一些	141
32.72492934771664	3	0.013513513513513516	企业家	141
276.06414757432754	2	0.006756756756756758	具有	141
70.48446321046661	2	0.04054054054054055	强烈	141
55104.58551779229	1	0.9054054054054054	的	141
1534.7152763326599	2	0.13513513513513511	社会	141
5.8737052675388846	3	0.5135135135135135	责任感	141
8273.53341970477	1	0.7837837837837838	和	141
46.989642140311076	2	0.02702702702702703	面向	141
136.77342265840545	2	0.14864864864864866	未来	141
55104.58551779229	1	0.8783783783783784	的	141
30.207627090199978	2	0.13513513513513511	眼光.@	141
341.51400626976084	2	0.02702702702702703	主席	142
464.02271613557184	2	0.02702702702702703	认为	142
3.3564030100222197	2	0.006756756756756758	此举	142
1266.2030355308823	1	0.10810810810810813	将	142
518.564265048433	2	0.054054054054054064	成为	142
672.958803509455	2	0.02702702702702703	建立	142
1778.0544945592708	1	0.12162162162162163	新	142
197.1886768388054	2	0.006756756756756758	安全	142
297.0416663869664	2	0.02702702702702703	结构	142
121.66960911330546	2	0.02702702702702703	道路	142
5821.6810208835395	1	0.12162162162162163	上	142
766.0989870375716	2	0.13513513513513511	重要	142
55104.58551779229	1	0.4054054054054055	的	142
8.39100752505555	3	0.10810810810810813	里程碑.@	142
181.24576254119987	2	0.04054054054054055	双方	143
464.02271613557184	2	0.013513513513513516	认为	143
519.4033658009384	2	0.06756756756756756	合作	143
385.98634615255526	1	0.006756756756756758	应	143
14.264712792594434	2	0.06756756756756756	本着	143
91.46198202310548	2	0.16216216216216217	平等	143
8273.53341970477	1	0.0945945945945946	和	143
118.31320610328324	2	0.04054054054054055	相互	143
118.31320610328324	2	0.32432432432432434	尊重	143
55104.58551779229	1	0.8378378378378378	的	143
694.7754230745994	2	0.054054054054054064	精神.@	143
114.95680309326102	2	0.04054054054054055	战争	144
140.12982566842766	2	0.04054054054054055	结束	144
302.07627090199975	2	0.10810810810810813	以后	144
172.8547550161443	2	0.02702702702702703	这些	144
1548.1408883727488	2	0.16216216216216217	国家	144
55104.58551779229	1	0.445945945945946	的	144
9.230108277561104	2	0.006756756756756758	军费	144
23.494821070155538	2	0.4189189189189189	开支	144
236.62641220656647	2	0.006756756756756758	一直	144
1.6782015050111099	4	0.054054054054054064	居高不下.@	144
181.24576254119987	2	0.04054054054054055	双方	145
97.33568729064437	2	0.06756756756756756	一致	145
464.02271613557184	2	0.581081081081081	认为	145
843.2962562680826	2	0.013513513513513516	政府	145
380.95174163752193	2	0.013513513513513516	会议	145
511.8514590283885	2	0.013513513513513516	主要	145
356.6178198148608	2	0.02702702702702703	任务	145
15050.950197692138	1	0.7432432432432432	是	145
558.8411011686995	2	0.08108108108108109	加强	145
103.20939255818325	2	0.013513513513513516	外交	145
8273.53341970477	1	0.054054054054054064	和	145
197.1886768388054	2	0.02702702702702703	安全	145
472.4137236606274	2	0.04054054054054055	政策.@	145
15.942914297605544	2	0.02702702702702703	体委	146
202.22328135383873	2	0.04054054054054055	主任	146
573.105813961294	2	0.013513513513513516	今天	146
15.103813545099989	2	0.04054054054054055	透露	146
307.11087541703307	2	0.02702702702702703	体育	146
5.03460451503333	2	0.006756756756756758	健儿	146
304.59357315951644	2	0.04054054054054055	正在	146
361.6524243298942	2	0.0945945945945946	积极	146
4.195503762527775	2	0.21621621621621623	备战	146
8.39100752505555	3	0.2702702702702703	奥运会	146
55104.58551779229	1	0.445945945945946	的	146
96.49658653813881	2	0.22972972972972971	消息.@	146
9375.272707744565	1	0.04054054054054055	这	147
67.96716095294995	2	0.02702702702702703	标志	147
350.74411454732194	2	0.013513513513513516	我国	147
354.9396183098497	2	0.006756756756756758	环境	147
2007.1289999932874	1	0.013513513513513516	与	147
270.19044230678867	2	0.22972972972972971	资源	147
448.9189025904719	2	0.0945945945945946	保护	147
2024.7501157959039	2	0.12162162162162163	工作	147
222.36169941397205	2	0.054054054054054064	进入	147
18061.64369768207	1	0.4729729729729731	了	147
0.8391007525055549	2	0.32432432432432434	一个	147
2497.1638394565316	2	0.02702702702702703	发展	147
221.5225986614665	2	0.0945945945945946	时期.@	147
172.8547550161443	2	0.0945945945945946	这些	148
88.10557901308326	2	0.006756756756756758	著名	148
98.17478804314992	2	0.04054054054054055	学者	148
1.6782015050111099	4	0.013513513513513516	无时无刻	148
1.6782015050111099	2	0.6081081081081081	不在	148
88.10557901308326	2	0.17567567567567569	关注	148
62.093455685411065	2	0.02702702702702703	当今	148
1534.7152763326599	2	0.4729729729729731	社会	148
55104.58551779229	1	0.5945945945945946	的	148
221.5225986614665	2	0.10810810810810813	变化.@	148
1.6782015050111099	2	0.04054054054054055	诗集	149
5.03460451503333	2	0.006756756756756758	汇总	149
18061.64369768207	1	0.5	了	149
40.27683612026664	2	0.04054054054054055	作者	149
35.24223160523331	2	0.02702702702702703	近年	149
55.380649665366626	2	0.06756756756756756	创作	149
55104.58551779229	1	0.810810810810811	的	149
55.380649665366626	3	0.013513513513513516	大部分	149
141.80802717343877	2	0.527027027027027	作品.@	149
3.3564030100222197	2	0.02702702702702703	脑力	150
39.43773536776108	3	0.0945945945945946	劳动者	150
92.30108277561104	2	0.013513513513513516	依靠	150
1567.4402056803765	2	0.06756756756756756	自己	150
55104.58551779229	1	0.8513513513513513	的	150
31.046727842705533	2	0.06756756756756756	聪明	150
8.39100752505555	2	0.7972972972972973	才智	150
11352.194080647652	1	0.04054054054054055	在	150
256.7648302666998	2	0.04054054054054055	劳动	150
3063.556847397781	1	0.5945945945945946	中	150
168.65925125361653	2	0.22972972972972971	获得	150
248.37382274164426	2	0.006756756756756758	利益.@	150
