0,    3,   15,   18,   20,   22,   23,   34,   35,   38,   39,   40,
          41,   45,   47,   48,   51,   53,   59,   60,   62,   65,   68,   71,
          72,   80,   82,   84,   90,   94,   96,   97,   98,  100,  101,  102,
         107,  109,  110,  129,  130,  141,  142,  143,  144,  153,  155,  159,
         164,  166,  168,  170,  173,  178,  183,  190,  200,  209,  213,  220,
         223,  226,  230,  244,  249,  250,  252,  253,  258,  259,  266,  267,
         268,  299,  302,  304,  311,  326,  327,  329,  330,  337,  342,  344,
         348,  351,  353,  357,  362,  364,  367,  370,  372,  374,  375,  376,
         379,  389,  392,  404,  409,  416,  422,  424,  425,  428,  436,  437,
         440,  447,  451,  455,  458,  460,  465,  468,  469,  470,  474,  481,
         486,  493,  494,  501,  503,  506,  511,  517,  518,  523,  529,  532,
         535,  539,  540,  541,  552,  554,  556,  557,  559,  560,  569,  577,
         578,  580,  582,  587,  588,  601,  607,  616,  618,  619,  622,  623,
         632,  639,  644,  651,  660,  666,  668,  679,  690,  693,  695,  702,
         706,  707,  708,  710,  712,  715,  724,  727,  728,  729,  731,  740,
         745,  751,  753,  756,  760,  767,  768,  769,  773,  776,  778,  787,
         788,  790,  792,  795,  806,  808,  810,  812,  815,  820,  823,  832,
         833,  834,  835,  839,  840,  842,  854,  858,  861,  863,  865,  866,
         869,  872,  881,  882,  888,  889,  891,  892,  896,  903,  906,  909,
         912,  914,  915,  917,  920,  923,  928,  931,  934,  935,  943,  945,
         946,  953,  957,  958,  959,  960,  961,  972,  979,  980,  987,  988,
         989,  990, 1003, 1004, 1009, 1013, 1014, 1016, 1021, 1027, 1028, 1037, 1046, 1053, 1057, 1068,
        1069, 1073, 1076, 1077, 1078, 1083, 1084, 1085, 1087, 1089, 1090, 1094,
        1099, 1107, 1110, 1112, 1115, 1125, 1130, 1134, 1135, 1136, 1143, 1149,
        1153, 1155, 1161, 1164, 1165, 1167, 1172, 1179, 1181, 1194, 1197, 1206,
        1210, 1213, 1214, 1222, 1226, 1229, 1233, 1237, 1244, 1246, 1247, 1249,
        1261, 1263, 1264, 1273, 1276, 1281, 1282, 1283, 1286, 1287, 1290, 1296,
        1302, 1305, 1313, 1323, 1328, 1332, 1334, 1338, 1345, 1353, 1356, 1363,
        1364, 1366, 1368, 1378, 1381, 1390, 1395, 1397, 1398, 1401, 1409, 1414,
        1420, 1421, 1424, 1430, 1431, 1432, 1433, 1439, 1444, 1454, 1459, 1461,
        1464, 1465, 1468, 1472, 1475, 1481, 1483, 1484, 1490, 1493, 1495, 1499,
        1500, 1504, 1505, 1507, 1510, 1511, 1519, 1521, 1534, 1536, 1537, 1541,
        1544, 1548, 1552, 1564, 1568, 1569, 1572, 1573, 1578, 1580, 1586, 1589,
        1591, 1593, 1595, 1596, 1599, 1602, 1616, 1621, 1623, 1626, 1631, 1632,
        1634, 1636, 1637, 1639, 1642, 1645, 1650, 1657, 1661, 1662, 1664, 1672,
        1679, 1683, 1685, 1696, 1698, 1701, 1703, 1716, 1720, 1724, 1728, 1729,
        1730, 1732, 1733, 1735, 1741, 1754, 1756, 1761, 1762, 1764, 1765, 1768,
        1770, 1777, 1784, 1785, 1792, 1797, 1802, 1805, 1807, 1808, 1809, 1811,
        1812, 1816, 1818, 1826, 1827, 1837, 1838, 1844, 1861, 1863, 1872, 1873,
        1874, 1876, 1881, 1882, 1883, 1894, 1902, 1907, 1909, 1910, 1917, 1919,
        1927, 1931, 1940, 1945, 1949, 1951, 1954, 1959, 1961, 1962, 1963, 1974,
        1975, 1977, 1979, 1985, 1988, 1990, 1993, 2008, 2012, 2013, 2018, 2019,
        2020, 2021, 2024, 2028, 2029, 2035, 2038, 2044, 2048, 2056, 2057, 2059, 2061, 2063, 2067, 2070,
        2075, 2081, 2088, 2095, 2097, 2100, 2102, 2103, 2107, 2110, 2111, 2113,
        2115, 2117, 2118, 2121, 2130, 2132, 2143, 2148, 2157, 2159, 2166, 2173,
        2174, 2177, 2179, 2185, 2191, 2194, 2200, 2205, 2206, 2208, 2213, 2218,
        2226, 2227, 2235, 2240, 2244, 2253, 2254, 2268, 2273, 2276, 2277, 2282,
        2287, 2295, 2296, 2299, 2300, 2304, 2310, 2311, 2316, 2317, 2328, 2330,
        2332, 2336, 2339, 2344, 2349, 2352, 2355, 2364, 2370, 2372, 2381, 2382,
        2384, 2390, 2395, 2396, 2398, 2401, 2404, 2406, 2415, 2419, 2426, 2429,
        2430, 2434, 2443, 2449, 2451, 2452, 2458, 2480, 2485, 2486, 2493, 2493,
        2493, 2493, 2493, 2493, 2493, 2493, 2493, 2493, 2493, 2493, 2493, 2493,
        2494, 2494, 2494, 2494, 2494, 2494, 2494, 2494, 2494, 2494, 2494, 2494,
        2494, 2494, 2495, 2495, 2495, 2495, 2495, 2495, 2495, 2495, 2495, 2495,
        2495, 2495, 2495, 2495, 2496, 2496, 2496, 2496, 2496, 2496, 2496, 2496,
        2496, 2496, 2496, 2496, 2496, 2497, 2497, 2497, 2497, 2497, 2497, 2497,
        2497, 2497, 2497, 2497, 2497, 2497, 2497, 2498, 2498, 2498, 2498, 2498,
        2498, 2498, 2498, 2498, 2498, 2498, 2498, 2498, 2498, 2499, 2499, 2499,
        2499, 2499, 2499, 2499, 2499, 2499, 2499, 2499, 2499, 2499, 2499, 2500,
        2500, 2500, 2500, 2500, 2500, 2500, 2500, 2500, 2500, 2500, 2500, 2501,
        2501, 2501, 2501, 2501, 2501, 2501, 2501, 2501, 2501, 2501, 2501, 2501,
        2501, 2502, 2502, 2502, 2502, 2502, 2502, 2502, 2502, 2502, 2502, 2502,
        2502, 2502, 2502, 2503, 2503, 2503, 2503, 2503, 2503, 2503, 2503, 2503,
        2503, 2503, 2503, 2503, 2503, 2504, 2504, 2504, 2504, 2504, 2504, 2504, 2504, 2504, 2504, 2504,
        2504, 2504, 2504, 2505, 2505, 2505, 2505, 2505, 2505, 2505, 2505, 2505,
        2505, 2505, 2505, 2505, 2505, 2506, 2506, 2506, 2506, 2506, 2506, 2506,
        2506, 2506, 2506, 2506, 2506, 2506, 2506, 2507, 2507, 2507, 2507, 2507,
        2507, 2507, 2507, 2507, 2507, 2507, 2507, 2507, 2507, 2508, 2508, 2508,
        2508, 2508, 2508, 2508, 2508, 2508, 2508, 2508, 2508, 2508, 2508, 2509,
        2509, 2509, 2509, 2509, 2509, 2509, 2509, 2509, 2509, 2509, 2509, 2509,
        2509, 2510, 2510, 2510, 2510, 2510, 2510, 2510, 2510, 2510, 2510, 2510,
        2510, 2510, 2510, 2511, 2511, 2511, 2511, 2511, 2511, 2511, 2511, 2511,
        2511, 2511, 2511, 2511, 2511, 2512, 2512, 2512, 2512, 2512, 2512, 2512,
        2512, 2512, 2512, 2512, 2512, 2512, 2512, 2513, 2513, 2513, 2513, 2513,
        2513, 2513, 2513, 2513, 2513, 2513, 2513, 2513, 2513, 2514, 2514, 2514,
        2514, 2514, 2514, 2514, 2514, 2514, 2514, 2514, 2514, 2514, 2514, 2515,
        2515, 2515, 2515, 2515, 2515, 2515, 2515, 2515, 2515, 2515, 2515, 2515,
        2515, 2516, 2516, 2516, 2516, 2516, 2516, 2516, 2516, 2516, 2516, 2516,
        2516, 2516, 2516, 2517, 2517, 2517, 2517, 2517, 2517, 2517, 2517, 2517,
        2517, 2517, 2517, 2517, 2517, 2518, 2518, 2518, 2518, 2518, 2518, 2518,
        2518, 2518, 2518, 2518, 2518, 2518, 2518, 2519, 2519, 2519, 2519, 2519,
        2519, 2519, 2519, 2519, 2519, 2519, 2519, 2519, 2519, 2520, 2520, 2520,
        2520, 2520, 2520, 2520, 2520, 2520, 2520, 2520, 2520, 2520, 2520, 2521,
        2521, 2521, 2521, 2521, 2521, 2521, 2521, 2521, 2521, 2521, 2521, 2521,
        2521, 2522, 2522, 2522, 2522, 2522, 2522, 2522, 2522, 2522, 2522, 2522, 2522, 2522, 2522, 2523,
        2523, 2523, 2523, 2523, 2523, 2523, 2523, 2523, 2523, 2523, 2523, 2523,
        2523, 2524, 2524, 2524, 2524, 2524, 2524, 2524, 2524, 2524, 2524, 2524,
        2524, 2524, 2524, 2525, 2525, 2525, 2525, 2525, 2525, 2525, 2525, 2525,
        2525, 2525, 2525, 2525, 2525, 2526, 2526, 2526, 2526, 2526, 2526, 2526,
        2526, 2526, 2526, 2526, 2526, 2526, 2526, 2527, 2527, 2527, 2527, 2527,
        2527, 2527, 2527, 2527, 2527, 2527, 2527, 2527, 2527, 2528, 2528, 2528,
        2528, 2528, 2528, 2528, 2528, 2528, 2528, 2528, 2528, 2528, 2528, 2529,
        2529, 2529, 2529, 2529, 2529, 2529, 2529, 2529, 2529, 2529, 2529, 2529,
        2529, 2530, 2530, 2530, 2530, 2530, 2530, 2530, 2530, 2530, 2530, 2530,
        2530, 2530, 2530, 2531, 2531, 2531, 2531, 2531, 2531, 2531, 2531, 2531,
        2531, 2531, 2531, 2531, 2531, 2532, 2532, 2532, 2532, 2532, 2532, 2532,
        2532, 2532, 2532, 2532, 2532, 2532, 2532, 2533, 2533, 2533, 2533, 2533,
        2533, 2533, 2533, 2533, 2533, 2533, 2533, 2534, 2534, 2534, 2534, 2534,
        2534, 2534, 2534, 2534, 2534, 2534, 2534, 2534, 2534, 2535, 2535, 2535,
        2535, 2535, 2535, 2535, 2535, 2535, 2535, 2535, 2535, 2535, 2535, 2536,
        2536, 2536, 2536, 2536, 2536, 2536, 2536, 2536, 2536, 2536, 2536, 2536,
        2536, 2537, 2537, 2537, 2537, 2537, 2537, 2537, 2537, 2537, 2537, 2537,
        2537, 2537, 2537, 2538, 2538, 2538, 2538, 2538, 2538, 2538, 2538, 2538,
        2538, 2538, 2538, 2538, 2538, 2539, 2539, 2539, 2539, 2539, 2539, 2539,
        2539, 2539, 2539, 2539, 2539, 2539, 2539, 2540, 2540, 2540, 2540, 2540,
        2540, 2540, 2540, 2540, 2540, 2540, 2540, 2540, 2540, 2541, 2541, 2541, 2541, 2541, 2541, 2541,
        2541, 2541, 2541, 2541, 2541, 2541, 2541, 2542, 2542, 2542, 2542, 2542,
        2542, 2542, 2542, 2542, 2542, 2542, 2542, 2542, 2542, 2543, 2543, 2543,
        2543, 2543, 2543, 2543, 2543, 2543, 2543, 2543, 2543, 2543, 2543, 2544,
        2544, 2544, 2544, 2544, 2544, 2544, 2544, 2544, 2544, 2544, 2544, 2544,
        2544, 2545, 2545, 2545, 2545, 2545, 2545, 2545, 2545, 2545, 2545, 2545,
        2545, 2545, 2545, 2546, 2546, 2546, 2546, 2546, 2546, 2546, 2546, 2546,
        2546, 2546, 2546, 2546, 2546, 2547, 2547, 2547, 2547, 2547, 2547, 2547,
        2547, 2547, 2547, 2547, 2547, 2547, 2547, 2548, 2548, 2548, 2548, 2548,
        2548, 2548, 2548, 2548, 2548, 2548, 2548, 2548, 2548, 2549, 2549, 2549,
        2549, 2549, 2549, 2549, 2549, 2549, 2549, 2549, 2549, 2549, 2549, 2550,
        2550, 2550, 2550, 2550, 2550, 2550, 2550, 2550, 2550, 2550, 2550, 2550,
        2550, 2551, 2551, 2551, 2551, 2551, 2551, 2551, 2551, 2551, 2551, 2551,
        2551, 2551, 2551, 2552, 2552, 2552, 2552, 2552, 2552, 2552, 2552, 2552,
        2552, 2552, 2552, 2552, 2552, 2553, 2553, 2553, 2553, 2553, 2553, 2553,
        2553, 2553, 2553, 2553, 2553, 2553, 2553, 2554, 2554, 2554, 2554, 2554,
        2554, 2554, 2554, 2554, 2554, 2554, 2554, 2554, 2554, 2555, 2555, 2555,
        2555, 2555, 2555, 2555, 2555, 2555, 2555, 2555, 2555, 2555, 2555, 2556,
        2556, 2556, 2556, 2556, 2556, 2556, 2556, 2556, 2556, 2556, 2556, 2556,
        2556, 2557, 2557, 2557, 2557, 2557, 2557, 2557, 2557, 2557, 2557, 2557,
        2557, 2557, 2558, 2558, 2558, 2558, 2558, 2558, 2558, 2558, 2558, 2558,
        2558, 2558, 2558, 2558, 2559, 2559, 2559, 2559, 2559, 2559, 2559, 2559, 2559, 2559, 2559, 2559,
        2559, 2559, 2560, 2560, 2560, 2560, 2560, 2560, 2560, 2560, 2560, 2560,
        2560, 2560, 2560, 2560, 2561, 2561, 2561, 2561, 2561, 2561, 2561, 2561,
        2561, 2561, 2561, 2561, 2561, 2561, 2562, 2562, 2562, 2562, 2562, 2562,
        2562, 2562, 2562, 2562, 2562, 2562, 2562, 2563, 2563, 2563, 2563, 2563,
        2563, 2563, 2563, 2563, 2563, 2563, 2563, 2563, 2563, 2564, 2564, 2564,
        2564, 2564, 2564, 2564, 2564, 2564, 2564, 2564, 2564, 2564, 2564, 2565,
        2565, 2565, 2565, 2565, 2565, 2565, 2565, 2565, 2565, 2565, 2565, 2565,
        2565, 2566, 2566, 2566, 2566, 2566, 2566, 2566, 2566, 2566, 2566, 2566,
        2566, 2566, 2567, 2567, 2567, 2567, 2567, 2567, 2567, 2567, 2567, 2567,
        2567, 2567, 2567, 2567, 2568, 2568, 2568, 2568, 2568, 2568, 2568, 2568,
        2568, 2568, 2568, 2568, 2568, 2568, 2569, 2569, 2569, 2569, 2569, 2569,
        2569, 2569, 2569, 2569, 2569, 2569, 2569, 2569, 2570, 2570, 2570, 2570,
        2570, 2570, 2570, 2570, 2570, 2570, 2570, 2570, 2570, 2570, 2572, 2573,
        2574, 2604, 2606, 2608, 2620, 2623, 2637, 2642, 2644, 2649, 2657, 2660,
        2674, 2685, 2698, 2699, 2709, 2718, 2728, 2754, 2755, 2758, 2760, 2763,
        2770, 2779, 2782, 2784, 2786, 2791, 2797, 2808, 2816, 2823, 2824, 2828,
        2829, 2838, 2839, 2852, 2855, 2860, 2870, 2874, 2882, 2887, 2889, 2890,
        2892, 2897, 2910, 2920, 2928, 2934, 2941, 2947, 2948, 2958, 2964, 2968,
        2970, 2984, 2990, 3004, 3005, 3008, 3011, 3015, 3017, 3019, 3032, 3033,
        3048, 3051, 3052, 3055, 3069, 3078, 3083, 3091, 3097, 3102, 3107, 3108,
        3113, 3118, 3125, 3127, 3129, 3131, 3133, 3140, 3151, 3153, 3165, 3176, 3179, 3182, 3183, 3186,
        3189, 3190, 3193, 3195, 3198, 3204, 3206, 3219, 3220, 3225, 3226, 3230,
        3237, 3242, 3246, 3255, 3259, 3261, 3262, 3263, 3264, 3265, 3271, 3274,
        3292, 3301, 3311, 3313, 3315, 3329, 3343, 3359, 3366, 3367, 3370, 3373,
        3381, 3382, 3390, 3395, 3397, 3435, 3440, 3452, 3467, 3486, 3492, 3516,
        3518, 3533, 3537, 3541, 3555, 3561, 3568, 3589, 3595, 3597, 3602, 3605,
        3606, 3609, 3619, 3623, 3631, 3637, 3642, 3643, 3653, 3655, 3670, 3686,
        3690, 3692, 3711, 3717, 3718, 3719, 3741, 3743, 3758, 3768, 3771, 3778,
        3779, 3793, 3794, 3802, 3811, 3814, 3822, 3824, 3830, 3835, 3851, 3868,
        3874, 3885, 3891, 3892, 3894, 3914, 3915, 3917, 3918, 3924, 3926, 3929,
        3930, 3931, 3954, 3957, 3964, 3971, 3973, 3978, 3998, 4006, 4008, 4009,
        4011, 4015, 4024, 4026, 4027, 4028, 4034, 4035, 4040, 4046, 4054, 4061,
        4071, 4079, 4080, 4088, 4103, 4120, 4130, 4131, 4146, 4153, 4154, 4162,
        4165, 4169, 4173, 4182, 4185, 4210, 4230, 4234, 4239, 4240, 4241, 4244,
        4270, 4279, 4285, 4289, 4292, 4298, 4303, 4317, 4323, 4337, 4343, 4349,
        4357, 4367, 4368, 4370, 4373, 4377, 4385, 4386, 4388, 4394, 4398, 4400,
        4406, 4410, 4411, 4428, 4429, 4432, 4438, 4440, 4449, 4456, 4458, 4460,
        4468, 4472, 4480, 4481, 4484, 4496, 4502, 4514, 4517, 4518, 4525, 4528,
        4531, 4543, 4544, 4549, 4550, 4560, 4563, 4567, 4601, 4604, 4605, 4607,
        4610, 4626, 4631, 4632, 4647, 4649, 4658, 4660, 4666, 4668, 4670, 4672,
        4674, 4680, 4682, 4704, 4705, 4706, 4709, 4710, 4717, 4725, 4728, 4731,
        4732, 4734, 4744, 4745, 4748, 4750, 4752, 4755, 4761, 4771, 4782, 4796, 4802, 4806, 4809, 4813,
        4816, 4823, 4824, 4831, 4836, 4840, 4846, 4855, 4863, 4864, 4867, 4873,
        4894, 4907, 4909, 4911, 4915, 4916, 4938, 4939, 4940, 4960, 4962, 4963,
        4969, 4972, 4975, 4976, 4991, 4994, 4998, 5004, 5007, 5012, 5022, 5030,
        5038, 5043, 5047, 5054, 5061, 5068, 5076, 5080, 5087, 5090, 5094, 5096,
        5097, 5099, 5110, 5115, 5127, 5131, 5132, 5156, 5163, 5164, 5165, 5169,
        5172, 5181, 5182, 5187, 5191, 5195, 5201, 5205, 5215, 5218, 5222, 5224,
        5230, 5231, 5236, 5256, 5257, 5261, 5267, 5273, 5280, 5282, 5285, 5293,
        5310, 5316, 5318, 5323, 5335, 5353, 5356, 5358, 5368, 5384, 5390, 5394,
        5395, 5396, 5410, 5414, 5419, 5422, 5425, 5428, 5429, 5434, 5436, 5448,
        5454, 5455